SG_874_B737-800 1 7 59400 82200
SG_873_B737-800 1 20 46800 50400
SG_872_B737-800 1 22 56400 69900
SG_872_B737-800 1 27 56400 60300
SG_874_B737-800 1 27 59400 62700
SG_874_B737-800 1 31 59400 74700
SG_528_B737-800 2 7 21300 33600
SG_285_B737-800 2 7 34500 41700
SG_345_B737-800 2 7 76800 2400
SG_281_B737-800 2 12 21000 29400
SG_917_B737-800 2 12 22200 34800
SG_913_B737-900 2 12 67800 78600
SG_206_B737-800 2 12 68700 83100
SG_281_B737-800 2 14 21000 35400
SG_104_B737-800 2 16 23400 28500
SG_106_B737-800 2 16 35100 40800
SG_106_B737-800 2 16 36600 42000
SG_138_B737-800 2 16 72000 77100
SG_137_B737-800 2 19 52500 58800
SG_528_B737-800 2 20 21300 50700
SG_917_B737-800 2 22 22200 28500
SG_913_B737-900 2 22 67800 73500
SG_912_B737-900 2 25 41100 45300
SG_528_B737-800 2 27 21300 44400
SG_104_B737-800 2 27 23400 38400
SG_528_B737-800 2 31 21300 24900
SG_142_B737-800 2 31 36900 40500
SG_206_B737-800 2 31 68700 72600
SG_345_B737-800 2 36 76800 82200
SG_2358_Q-400 3 16 60600 66900
SG_2514_Q-400 4 16 30300 35100
SG_2114_Q-400 4 16 57300 62400
SG_2354_Q-400 4 16 74700 79500
SG_152_B737-800 4 31 58500 67800
SG_151_B737-800 4 39 47400 51000
SG_162_B737-900 5 16 70800 77400
SG_324_B737-800 6 12 51600 65400
SG_885_B737-800 6 16 38400 46200
SG_881_B737-800 6 16 50400 66300
SG_881_B737-800 6 20 50400 54000
SG_324_B737-800 6 27 51600 55200
SG_873_B737-800 7 1 22500 44400
SG_871_B737-800 7 1 36600 54600
SG_342_B737-800 7 2 21300 32700
SG_286_B737-800 7 2 43500 50700
SG_529_B737-800 7 2 70800 82800
SG_3301_Q-400 7 8 27600 32700
SG_1073_Q-400 7 10 45000 48300
SG_3004_Q-400 7 12 32700 37500
SG_3303_Q-400 7 12 39300 49800
SG_3232_Q-400 7 12 41100 44400
SG_1083_Q-400 7 12 45600 49500
SG_3306_Q-400 7 12 54600 58200
SG_3306_Q-400 7 12 61200 64800
SG_3307_Q-400 7 12 67500 71100
SG_3002_Q-400 7 12 78000 81900
SG_246_B737-800 7 13 55200 58800
SG_502_B737-800 7 16 23700 33900
SG_503_B737-800 7 16 27000 36600
SG_224_B737-800 7 16 31500 41100
SG_229_B737-800 7 16 57600 67200
SG_216_B737-800 7 16 72900 83100
SG_245_B737-800 7 19 43200 47400
SG_873_B737-800 7 20 22500 50400
SG_528_B737-800 7 20 35700 50700
SG_1084_Q-400 7 21 69600 74100
SG_871_B737-800 7 22 36600 40200
SG_1074_Q-400 7 22 55200 60000
SG_1088_Q-400 7 22 80100 84900
SG_873_B737-800 7 27 22500 39600
SG_528_B737-800 7 27 35700 44400
SG_871_B737-800 7 27 36600 49500
SG_524_B737-800 7 27 67200 76800
SG_1023_Q-400 7 30 32100 35400
SG_344_B737-800 7 30 36900 50400
SG_3231_Q-400 7 30 50400 53700
SG_873_B737-800 7 31 22500 27900
SG_344_B737-800 7 31 36900 42900
SG_110_B737-800 7 31 56100 62100
SG_529_B737-800 7 31 70800 77100
SG_3305_Q-400 7 32 44400 47400
SG_3305_Q-400 7 34 44400 47400
SG_1073_Q-400 7 34 45000 48600
SG_342_B737-800 7 36 21300 26700
SG_228_B737-800 7 36 79200 84300
SG_224_B737-800 7 39 31500 49800
SG_3307_Q-400 7 43 67500 78000
SG_1083_Q-400 7 44 45600 55800
SG_3303_Q-400 7 47 39300 43800
SG_1144_Q-400 7 48 29100 35400
SG_3302_Q-400 8 7 33900 38100
SG_2227_Q-400 9 16 30300 36900
SG_2226_Q-400 9 16 72000 79200
SG_1063_Q-400 9 22 70200 80400
SG_1053_Q-400 9 22 74400 80400
SG_1063_Q-400 9 23 70200 73200
SG_1074_Q-400 10 7 49500 53100
SG_3252_Q-400 10 12 43800 48300
SG_3252_Q-400 10 12 55200 60600
SG_1074_Q-400 10 22 46500 52800
SG_2112_Q-400 11 16 30900 34800
SG_2116_Q-400 11 16 69600 73200
SG_152_B737-800 11 31 58800 67800
SG_151_B737-800 11 39 47400 51000
SG_106_B737-800 12 2 20100 33300
SG_106_B737-800 12 2 21000 34500
SG_282_B737-800 12 2 42600 51000
SG_916_B737-800 12 2 71700 83400
SG_323_B737-800 12 6 35700 49800
SG_3301_Q-400 12 7 22500 25800
SG_3013_Q-400 12 7 27600 31500
SG_3305_Q-400 12 7 38100 42000
SG_3231_Q-400 12 7 45600 49200
SG_3304_Q-400 12 7 51300 61800
SG_1084_Q-400 12 7 65100 68400
SG_3148_Q-400 12 7 72900 76800
SG_3301_Q-400 12 8 22500 32700
SG_3251_Q-400 12 10 37800 42600
SG_3251_Q-400 12 10 48600 53700
SG_289_B737-800 12 13 28500 33300
SG_3241_Q-400 12 13 38400 43500
SG_3243_Q-400 12 13 68700 74400
SG_3012_Q-400 12 14 24900 30000
SG_281_B737-800 12 14 31500 35400
SG_324_B737-800 12 14 67200 70800
SG_208_B737-800 12 16 18900 34200
SG_106_B737-800 12 16 20100 40800
SG_106_B737-800 12 16 21000 42000
SG_312_B737-900 12 16 25500 34800
SG_304_B737-800 12 16 42000 51600
SG_307_B737-800 12 16 46500 56700
SG_306_B737-800 12 16 60900 70500
SG_308_B737-800 12 16 67800 78600
SG_325_B737-800 12 16 73200 83100
SG_1011_Q-400 12 19 51000 58500
SG_321_B737-800 12 20 19200 33900
SG_912_B737-900 12 22 25800 29700
SG_1261_Q-400 12 22 39600 43800
SG_272_B737-800 12 22 55800 60000
SG_1004_Q-400 12 22 63900 68700
SG_1012_Q-400 12 22 69600 74100
SG_916_B737-800 12 22 71700 75600
SG_1265_Q-400 12 22 77100 82500
SG_321_B737-800 12 27 19200 27900
SG_323_B737-800 12 27 35700 43800
SG_362_B737-800 12 29 23400 27000
SG_291_B737-800 12 29 30600 34200
SG_305_B737-800 12 29 48900 52200
SG_303_B737-800 12 29 61800 65400
SG_3231_Q-400 12 30 45600 53700
SG_106_B737-800 12 31 20100 27000
SG_106_B737-800 12 31 21000 27000
SG_273_B737-800 12 31 33900 40200
SG_145_B737-800 12 31 41700 48000
SG_276_B737-800 12 31 51000 57900
SG_296_B737-800 12 31 72600 78900
SG_917_B737-800 12 35 37200 44700
SG_917_B737-800 12 35 42300 50100
SG_208_B737-800 12 36 18900 24600
SG_349_B737-800 12 36 66300 72300
SG_3023_Q-400 12 38 50100 54300
SG_3165_Q-400 12 42 37800 42000
SG_3271_Q-400 12 43 21300 27900
SG_3307_Q-400 12 43 72300 78000
SG_3291_Q-400 12 44 26100 30900
SG_1083_Q-400 12 44 50700 55800
SG_3304_Q-400 12 47 51300 55800
SG_3277_Q-400 12 48 61800 68400
SG_245_B737-800 13 7 37500 41400
SG_287_B737-800 13 12 22500 26700
SG_3242_Q-400 13 12 64800 69900
SG_3244_Q-400 13 12 76200 81600
SG_112_B737-800 13 16 40800 58800
SG_108_B737-800 13 16 44400 59100
SG_214_B737-800 13 16 50100 66900
SG_118_B737-900 13 16 67200 83700
SG_108_B737-800 13 22 44400 49500
SG_1052_Q-400 13 22 77700 84300
SG_112_B737-800 13 31 40800 48000
SG_118_B737-900 13 31 67200 74400
SG_214_B737-800 13 36 50100 57300
SG_282_B737-800 14 2 37200 51000
SG_3022_Q-400 14 12 31800 36900
SG_282_B737-800 14 12 37200 40800
SG_284_B737-800 14 12 72600 76200
SG_234_B737-800 14 16 37800 52200
SG_236_B737-800 14 16 65400 79800
SG_234_B737-800 14 22 37800 42600
SG_236_B737-800 14 22 65400 70200
SG_2413_Q-400 15 16 40800 44700
SG_2325_Q-400 15 16 58800 62400
SG_142_B737-800 16 2 29700 35100
SG_206_B737-800 16 2 61500 66900
SG_148_B737-800 16 2 68400 74100
SG_2356_Q-400 16 3 54300 59400
SG_2410_Q-400 16 4 23700 29100
SG_2113_Q-400 16 4 51300 56100
SG_2352_Q-400 16 4 69000 73500
SG_161_B737-900 16 5 62100 69000
SG_885_B737-800 16 6 21000 35700
SG_881_B737-800 16 6 40500 48300
SG_501_B737-800 16 7 21900 32400
SG_223_B737-800 16 7 44400 54300
SG_209_B737-800 16 7 60900 70800
SG_509_B737-800 16 7 74100 84300
SG_516_B737-800 16 7 77100 600
SG_2327_Q-400 16 9 22200 28800
SG_2326_Q-400 16 9 63300 69600
SG_2111_Q-400 16 11 25800 29700
SG_2115_Q-400 16 11 64500 68400
SG_301_B737-800 16 12 23400 33300
SG_302_B737-800 16 12 30600 40500
SG_305_B737-800 16 12 36600 46800
SG_303_B737-800 16 12 49800 60000
SG_206_B737-800 16 12 61500 83100
SG_315_B737-800 16 12 62400 70200
SG_309_B737-800 16 12 69300 78900
SG_219_B737-800 16 12 73500 2400
SG_131_B737-800 16 13 21300 38100
SG_231_B737-800 16 13 27600 42600
SG_217_B737-800 16 13 31200 47400
SG_103_B737-900 16 13 43200 61200
SG_211_B737-800 16 14 20700 36000
SG_233_B737-800 16 14 49500 63600
SG_2328_Q-400 16 15 36300 39600
SG_2223_Q-400 16 15 54300 57600
SG_2482_Q-400 16 17 40200 43200
SG_2383_Q-400 16 17 50100 54000
SG_2378_Q-400 16 18 24000 33600
SG_253_B737-900 16 19 39300 48600
SG_255_B737-900 16 19 53700 62400
SG_885_B737-800 16 20 21000 30000
SG_881_B737-800 16 20 40500 54000
SG_893_B737-800 16 20 55200 63900
SG_211_B737-800 16 22 20700 29400
SG_231_B737-800 16 22 27600 35400
SG_233_B737-800 16 22 49500 57300
SG_221_B737-800 16 22 54600 62700
SG_239_B737-800 16 22 70800 78600
SG_2327_Q-400 16 23 22200 29100
SG_2326_Q-400 16 23 63300 69600
SG_2441_Q-400 16 24 28800 35100
SG_133_B737-900 16 25 25200 28800
SG_851_B737-800 16 26 31800 36600
SG_857_B737-800 16 26 48600 53400
SG_104_B737-800 16 27 30900 38400
SG_607_B737-800 16 27 74100 82200
SG_411_B737-800 16 28 59400 63000
SG_417_B737-800 16 28 71100 75600
SG_303_B737-800 16 29 49800 65400
SG_131_B737-800 16 31 21300 27600
SG_151_B737-800 16 31 21600 33600
SG_133_B737-900 16 31 25200 36900
SG_2441_Q-400 16 31 28800 43800
SG_142_B737-800 16 31 29700 40500
SG_109_B737-800 16 31 36600 44100
SG_103_B737-900 16 31 43200 51000
SG_852_B737-800 16 31 54600 62400
SG_206_B737-800 16 31 61500 72600
SG_119_B737-900 16 31 63600 70800
SG_864_B737-800 16 31 66000 73500
SG_894_B737-800 16 31 77100 84300
SG_217_B737-800 16 36 31200 38700
SG_293_B737-800 16 36 59100 66000
SG_219_B737-800 16 36 73500 81000
SG_853_B737-900 16 39 27000 32400
SG_261_B737-800 16 39 30000 34500
SG_851_B737-800 16 39 31800 40500
SG_868_B737-900 16 39 38700 43200
SG_224_B737-800 16 39 44400 49800
SG_863_B737-800 16 39 51600 57000
SG_151_B737-800 16 40 21600 28500
SG_2437_Q-400 16 45 38400 43800
SG_2378_Q-400 16 46 24000 29700
SG_116_B737-800 16 46 34500 39600
SG_114_B737-900 16 46 49200 54300
SG_127_B737-800 16 46 70200 75300
SG_221_B737-800 16 48 54600 67800
SG_2384_Q-400 17 16 44400 48300
SG_2385_Q-400 17 16 55200 59400
SG_2378_Q-400 18 16 34800 41700
SG_138_B737-800 19 2 60600 66600
SG_246_B737-800 19 7 49200 53400
SG_1012_Q-400 19 12 60000 67500
SG_254_B737-900 19 16 50400 59400
SG_138_B737-800 19 16 60600 77100
SG_256_B737-900 19 16 64200 72600
SG_1072_Q-400 19 22 51300 56700
SG_1012_Q-400 19 22 60000 74100
SG_804_B737-900 19 27 60900 77700
SG_247_B737-900 19 31 48600 52800
SG_804_B737-900 19 31 60900 64800
SG_874_B737-800 20 1 53100 56700
SG_529_B737-800 20 2 52500 82800
SG_885_B737-800 20 6 32100 35700
SG_529_B737-800 20 7 52500 69000
SG_874_B737-800 20 7 53100 82200
SG_322_B737-800 20 12 66300 81300
SG_885_B737-800 20 16 32100 46200
SG_881_B737-800 20 16 56100 66300
SG_894_B737-800 20 16 65700 74700
SG_525_B737-800 20 27 35700 39900
SG_529_B737-800 20 27 52500 56700
SG_874_B737-800 20 27 53100 62700
SG_322_B737-800 20 27 66300 70500
SG_529_B737-800 20 31 52500 77100
SG_874_B737-800 20 31 53100 74700
SG_894_B737-800 20 31 65700 84300
SG_525_B737-800 20 35 35700 48900
SG_1088_Q-400 21 7 75300 78900
SG_1088_Q-400 21 22 75300 84900
SG_2452_Q-400 21 31 52200 57000
SG_871_B737-800 22 1 42000 54600
SG_912_B737-900 22 2 31800 37800
SG_916_B737-800 22 2 77700 83400
SG_1031_Q-400 22 7 23100 27900
SG_1023_Q-400 22 7 25800 30600
SG_1073_Q-400 22 7 38400 43200
SG_872_B737-800 22 7 72900 76500
SG_1053_Q-400 22 9 61800 73200
SG_1063_Q-400 22 9 61800 69000
SG_1073_Q-400 22 10 38400 45000
SG_1262_Q-400 22 12 21600 26400
SG_917_B737-800 22 12 30600 34800
SG_1011_Q-400 22 12 45000 49800
SG_1003_Q-400 22 12 57900 62700
SG_911_B737-800 22 12 61800 65700
SG_1264_Q-400 22 12 70500 76500
SG_913_B737-900 22 12 75300 78600
SG_231_B737-800 22 13 37500 42600
SG_1051_Q-400 22 13 70200 76500
SG_211_B737-800 22 14 31200 36000
SG_233_B737-800 22 14 59400 63600
SG_116_B737-800 22 16 24300 31500
SG_226_B737-800 22 16 37800 46500
SG_234_B737-800 22 16 44400 52200
SG_108_B737-800 22 16 51300 59100
SG_236_B737-800 22 16 72000 79800
SG_1071_Q-400 22 19 44700 50100
SG_1011_Q-400 22 19 45000 58500
SG_1063_Q-400 22 23 61800 73200
SG_1053_Q-400 22 23 61800 69000
SG_912_B737-900 22 25 31800 45300
SG_912_B737-900 22 25 33000 40200
SG_871_B737-800 22 27 42000 49500
SG_3313_Q-400 22 29 33300 40500
SG_3313_Q-400 22 29 35400 42600
SG_1023_Q-400 22 30 25800 35400
SG_402_B737-800 22 31 77400 83700
SG_1022_Q-400 22 36 73800 79200
SG_1061_Q-400 22 37 34500 38400
SG_1041_Q-400 22 41 26400 30900
SG_1048_Q-400 22 41 61200 66300
SG_116_B737-800 22 46 24300 39600
SG_1001_Q-400 22 47 25500 28800
SG_401_B737-800 22 48 26100 30000
SG_221_B737-800 22 48 64500 67800
SG_1053_Q-400 23 9 70200 73200
SG_2227_Q-400 23 16 30300 36900
SG_2226_Q-400 23 16 71700 79200
SG_1053_Q-400 23 22 70200 80400
SG_1063_Q-400 23 22 74400 80400
SG_2452_Q-400 24 16 66600 72300
SG_2441_Q-400 24 31 36300 43800
SG_913_B737-900 25 2 61800 66000
SG_913_B737-900 25 12 61800 78600
SG_218_B737-800 25 16 74400 77400
SG_913_B737-900 25 22 61800 73500
SG_133_B737-900 25 31 30600 36900
SG_912_B737-900 25 36 47400 52800
SG_852_B737-800 26 16 47400 51900
SG_858_B737-800 26 16 55500 60300
SG_852_B737-800 26 31 47400 62400
SG_851_B737-800 26 39 38400 40500
SG_873_B737-800 27 1 41400 44400
SG_871_B737-800 27 1 51300 54600
SG_529_B737-800 27 2 60300 82800
SG_323_B737-800 27 6 45600 49800
SG_523_B737-800 27 7 26100 34500
SG_529_B737-800 27 7 60300 69000
SG_872_B737-800 27 7 62400 76500
SG_874_B737-800 27 7 64800 82200
SG_324_B737-800 27 12 57000 65400
SG_219_B737-800 27 12 61800 2400
SG_322_B737-800 27 12 72300 81300
SG_608_B737-800 27 16 28800 36600
SG_219_B737-800 27 16 61800 70500
SG_803_B737-900 27 19 30600 46800
SG_321_B737-800 27 20 29700 33900
SG_873_B737-800 27 20 41400 50400
SG_528_B737-800 27 20 46200 50700
SG_883_B737-800 27 20 59700 64500
SG_872_B737-800 27 22 62400 69900
SG_803_B737-900 27 31 30600 40800
SG_529_B737-800 27 31 60300 77100
SG_874_B737-800 27 31 64800 74700
SG_525_B737-800 27 35 41700 48900
SG_219_B737-800 27 36 61800 81000
SG_416_B737-800 28 16 24900 28500
SG_418_B737-800 28 16 27300 31500
SG_273_B737-800 29 12 28800 32100
SG_304_B737-800 29 12 36000 39300
SG_306_B737-800 29 12 54000 57600
SG_296_B737-800 29 12 67200 70800
SG_304_B737-800 29 16 36000 51600
SG_3317_Q-400 29 22 60300 67500
SG_273_B737-800 29 31 28800 40200
SG_296_B737-800 29 31 67200 78900
SG_3232_Q-400 30 7 36600 39900
SG_341_B737-800 30 7 52200 65400
SG_3232_Q-400 30 12 36600 44400
SG_1024_Q-400 30 22 37500 43200
SG_1024_Q-400 30 22 54900 60600
SG_341_B737-800 30 31 52200 57600
SG_873_B737-800 31 1 29700 44400
SG_106_B737-800 31 2 29400 33300
SG_106_B737-800 31 2 29700 34500
SG_143_B737-800 31 2 75600 79500
SG_529_B737-800 31 2 79200 82800
SG_151_B737-800 31 4 36000 45300
SG_528_B737-800 31 7 27300 33600
SG_109_B737-800 31 7 46200 52200
SG_341_B737-800 31 7 59400 65400
SG_874_B737-800 31 7 76800 82200
SG_151_B737-800 31 11 36000 45300
SG_291_B737-800 31 12 21900 28500
SG_275_B737-800 31 12 42300 49200
SG_146_B737-800 31 12 52800 61200
SG_274_B737-800 31 12 60300 67200
SG_206_B737-800 31 12 75600 83100
SG_131_B737-800 31 13 30900 38100
SG_103_B737-900 31 13 53400 61200
SG_851_B737-800 31 16 21000 28500
SG_106_B737-800 31 16 29400 40800
SG_106_B737-800 31 16 29700 42000
SG_114_B737-900 31 16 39300 46500
SG_863_B737-800 31 16 42600 49800
SG_112_B737-800 31 16 51300 58800
SG_2452_Q-400 31 16 58500 72300
SG_110_B737-800 31 16 63900 71700
SG_218_B737-800 31 16 65400 77400
SG_152_B737-800 31 16 69600 81900
SG_136_B737-900 31 16 72900 80400
SG_118_B737-900 31 16 76200 83700
SG_803_B737-900 31 19 43200 46800
SG_248_B737-900 31 19 55200 59100
SG_528_B737-800 31 20 27300 50700
SG_873_B737-800 31 20 29700 50400
SG_2441_Q-400 31 21 45600 51000
SG_401_B737-800 31 22 19200 24000
SG_2452_Q-400 31 24 58500 65400
SG_218_B737-800 31 25 65400 72600
SG_851_B737-800 31 26 21000 36600
SG_528_B737-800 31 27 27300 44400
SG_873_B737-800 31 27 29700 39600
SG_804_B737-900 31 27 68100 77700
SG_291_B737-800 31 29 21900 34200
SG_344_B737-800 31 30 45000 50400
SG_2441_Q-400 31 33 45600 49800
SG_851_B737-800 31 39 21000 40500
SG_151_B737-800 31 39 36000 51000
SG_151_B737-800 31 39 36000 51000
SG_863_B737-800 31 39 42600 57000
SG_152_B737-800 31 40 69600 72900
SG_275_B737-800 31 43 42300 49200
SG_114_B737-900 31 46 39300 54300
SG_401_B737-800 31 48 19200 30000
SG_3306_Q-400 32 7 48600 51600
SG_2452_Q-400 33 31 52200 57000
SG_3306_Q-400 34 7 48600 51600
SG_1074_Q-400 34 7 49800 53400
SG_272_B737-800 35 12 46500 53700
SG_272_B737-800 35 12 51900 60000
SG_883_B737-800 35 20 50700 64500
SG_272_B737-800 35 22 46500 60000
SG_883_B737-800 35 27 50700 57600
SG_342_B737-800 36 2 28500 32700
SG_227_B737-800 36 7 24300 29700
SG_345_B737-800 36 7 84000 2400
SG_352_B737-800 36 12 27900 33900
SG_219_B737-800 36 12 82800 2400
SG_217_B737-800 36 13 40500 47400
SG_208_B737-800 36 16 26400 34200
SG_214_B737-800 36 16 59100 66900
SG_294_B737-800 36 16 67800 75300
SG_1025_Q-400 36 22 80400 85200
SG_913_B737-900 36 25 54600 60000
SG_1062_Q-400 37 22 39600 42900
SG_3024_Q-400 38 12 56100 60600
SG_152_B737-800 39 4 53400 56700
SG_209_B737-800 39 7 52500 70800
SG_152_B737-800 39 11 53400 57000
SG_854_B737-900 39 16 34200 39000
SG_262_B737-800 39 16 36600 41700
SG_852_B737-800 39 16 42900 51900
SG_869_B737-900 39 16 45300 50700
SG_209_B737-800 39 16 52500 57900
SG_864_B737-800 39 16 58800 63900
SG_852_B737-800 39 26 42900 45600
SG_852_B737-800 39 31 42900 62400
SG_152_B737-800 39 31 53400 67800
SG_152_B737-800 39 31 53400 67800
SG_864_B737-800 39 31 58800 73500
SG_152_B737-800 40 16 74700 81900
SG_151_B737-800 40 31 30300 33600
SG_1042_Q-400 41 22 32100 36600
SG_1022_Q-400 41 22 67800 72600
SG_1022_Q-400 41 36 67800 79200
SG_3166_Q-400 42 12 43200 47100
SG_3272_Q-400 43 12 29100 36000
SG_3308_Q-400 43 12 79200 84600
SG_276_B737-800 43 31 51000 57900
SG_1084_Q-400 44 7 57000 68400
SG_3292_Q-400 44 12 32100 37200
SG_1084_Q-400 44 12 57000 61800
SG_2436_Q-400 45 16 45300 50700
SG_233_B737-800 46 14 41400 63600
SG_128_B737-800 46 16 29400 34800
SG_2378_Q-400 46 16 30900 41700
SG_233_B737-800 46 16 41400 46200
SG_119_B737-900 46 16 56100 60900
SG_2378_Q-400 46 18 30900 33600
SG_233_B737-800 46 22 41400 57300
SG_119_B737-900 46 31 56100 70800
SG_3304_Q-400 47 7 57000 61800
SG_3303_Q-400 47 12 45000 49800
SG_1002_Q-400 47 22 30000 33300
SG_1077_Q-400 48 7 36600 42600
SG_3278_Q-400 48 12 69600 75900
SG_226_B737-800 48 16 32400 46500
SG_226_B737-800 48 22 32400 36000
SG_402_B737-800 48 22 70200 75000
SG_402_B737-800 48 31 70200 83700
S2_4851_B737_700 2 14 24000 37200
S2_4391_B737_700 2 16 25800 30900
S2_4391_B737_700 2 50 25800 48600
S2_4391_B737_700 2 20 25800 43800
S2_4324_B737_700 2 31 78900 83400
S2_4324_B737_800 2 31 78900 83100
S2_4652_B737_800 6 27 43800 47400
S2_4852_B737_700 7 2 76500 83700
S2_4238_B737_800 7 11 42600 58500
S2_4238_B737_800 7 11 46200 60900
S2_4606_B737_900 7 12 24600 27600
S2_4608_B737_900 7 12 70500 73500
S2_4851_B737_700 7 14 34200 37200
S2_4842_B737_700 7 14 66900 69900
S2_4653_B737_800 7 16 28500 38100
S2_4607_B737_900 7 16 35400 45000
S2_4238_B737_800 7 16 42600 52200
S2_4238_B737_800 7 16 46200 55500
S2_4844_B737_800 7 27 24000 36000
S2_4843_B737_700 7 27 44100 53400
S2_4843_B737_700 7 27 44400 53400
S2_4607_B737_900 7 28 35400 51000
S2_4165_B737_900 7 31 43800 49500
S2_4165_B737_900 7 31 46800 52500
S2_4845_B737_800 7 31 78900 84900
S2_4165_B737_900 7 53 43800 57900
S2_4165_B737_900 7 53 46800 60300
S2_4235_B737_800 7 43 80100 84600
S2_4844_B737_800 7 48 24000 29100
S2_4626_B737_700 9 31 28500 34200
S2_4061_B737_800 49 16 32700 49800
S2_4061_B737_800 49 27 32700 35700
S2_4061_B737_800 49 28 32700 44700
S2_4062_B737_800 49 31 74100 80400
S2_4524_B737_800 10 31 50100 56100
S2_4235_B737_800 11 7 62700 77700
S2_4237_B737_800 11 16 29400 32100
S2_4235_B737_800 11 16 62700 65400
S2_4235_B737_800 11 43 62700 84600
S2_4607_B737_900 12 7 30000 33000
S2_4609_B737_900 12 7 75900 78900
S2_4607_B737_900 12 16 30000 45000
S2_4607_B737_900 12 28 30000 51000
S2_4852_B737_700 14 2 71700 83700
S2_4843_B737_700 14 7 39000 41700
S2_4852_B737_700 14 7 71700 74100
S2_4646_B737_700 14 31 71100 78000
S2_4392_B737_700 16 2 66900 72300
S2_4237_B737_800 16 7 34500 43800
S2_4608_B737_900 16 7 58800 68100
S2_4235_B737_800 16 7 67800 77700
S2_4062_B737_800 16 49 51900 70800
S2_4236_B737_800 16 11 24300 27600
S2_4238_B737_800 16 11 55500 58500
S2_4238_B737_800 16 11 58200 60900
S2_4608_B737_900 16 12 58800 73500
S2_4391_B737_700 16 50 35400 48600
S2_4391_B737_700 16 20 35400 43800
S2_4108_B737_700 16 26 33600 42600
S2_4623_B737_800 16 27 33000 40500
S2_4062_B737_800 16 27 51900 64800
S2_4282_B737_800 16 27 74700 82800
S2_4607_B737_900 16 28 47400 51000
S2_4062_B737_800 16 28 51900 55800
S2_4062_B737_800 16 31 51900 80400
S2_4107_B737_700 16 31 57300 65100
S2_4623_B737_800 16 35 33000 51000
S2_4853_B737_800 16 36 59700 67200
S2_4855_B737_800 16 56 40500 47400
S2_4855_B737_800 16 56 43200 49500
S2_4108_B737_700 16 39 33600 37800
S2_4235_B737_800 16 43 67800 84600
S2_4392_B737_700 50 2 50400 72300
S2_4392_B737_700 50 16 50400 64500
S2_4392_B737_700 50 20 50400 53700
S2_4084_B737_800 51 27 56700 61500
S2_4017_B737_800 19 31 66900 71100
S2_4017_B737_700 19 31 66900 70800
S2_4392_B737_700 20 2 55800 72300
S2_4392_B737_700 20 16 55800 64500
S2_4391_B737_700 20 50 45600 48600
S2_4602_B737_700 22 31 54300 59100
S2_4456_B737_900 22 31 77100 82500
S2_4601_B737_700 22 41 43500 46800
S2_4107_B737_700 26 16 45000 54600
S2_4107_B737_700 26 31 45000 65100
S2_4107_B737_700 26 39 45000 47700
S2_4651_B737_800 27 6 38100 42000
S2_4842_B737_700 27 7 55500 64500
S2_4845_B737_800 27 7 63900 76500
S2_4062_B737_800 27 49 66900 70800
S2_4842_B737_700 27 14 55500 69900
S2_4315_B737_800 27 16 22800 30600
S2_4061_B737_800 27 16 38700 49800
S2_4543_B737_800 27 16 64200 72300
S2_4083_B737_800 27 51 49500 54600
S2_4061_B737_800 27 28 38700 44700
S2_4845_B737_800 27 31 63900 84900
S2_4062_B737_800 52 79 66900 80400
S2_4623_B737_800 27 35 43200 51000
S2_4845_B737_800 27 48 63900 69300
S2_4608_B737_900 28 7 52800 68100
S2_4062_B737_800 28 49 58200 70800
S2_4608_B737_900 28 12 52800 73500
S2_4061_B737_800 28 16 46500 49800
S2_4608_B737_900 28 16 52800 56400
S2_4062_B737_800 28 27 58200 64800
S2_4062_B737_800 28 31 58200 80400
S2_4323_B737_800 31 2 73200 76800
S2_4323_B737_700 31 2 73200 76800
S2_4844_B737_800 31 7 14400 20400
S2_4240_B737_900 31 7 35700 41100
S2_4240_B737_900 31 7 38700 44400
S2_4625_B737_700 31 9 20400 26400
S2_4061_B737_800 31 49 22800 30900
S2_4523_B737_800 31 10 42000 48300
S2_4645_B737_700 31 14 61500 68400
S2_4061_B737_800 31 16 22800 49800
S2_4108_B737_700 31 16 23700 31200
S2_4016_B737_700 31 19 60000 63900
S2_4016_B737_800 31 19 60000 64800
S2_4601_B737_700 31 22 36600 41400
S2_4455_B737_900 31 22 69600 74700
S2_4108_B737_700 31 26 23700 42600
S2_4844_B737_800 31 27 14400 36000
S2_4061_B737_800 31 27 22800 35700
S2_4061_B737_800 31 28 22800 44700
S2_4239_B737_900 31 53 21300 26400
S2_4239_B737_900 31 53 24300 29400
S2_4165_B737_900 31 53 52500 57900
S2_4165_B737_900 31 53 54900 60300
S2_4377_B737_800 31 54 24600 30600
S2_4377_B737_800 31 54 25800 31800
S2_4379_B737_700 31 55 67800 71700
S2_4108_B737_700 31 39 23700 37800
S2_4601_B737_700 31 41 36600 46800
S2_4844_B737_800 31 48 14400 29100
S2_4240_B737_900 53 7 28800 41100
S2_4240_B737_900 53 7 31500 44400
S2_4240_B737_900 53 31 28800 33300
S2_4240_B737_900 53 31 31500 36300
S2_4166_B737_900 53 31 62400 67200
S2_4543_B737_800 35 16 53100 72300
S2_4543_B737_800 35 27 53100 60600
S2_4854_B737_800 36 16 69000 76500
S2_4378_B737_800 54 31 33600 39600
S2_4380_B737_700 55 31 73500 77400
S2_4856_B737_800 56 16 49500 55500
S2_4856_B737_800 56 16 51600 57900
S2_4107_B737_700 39 16 49800 54600
S2_4108_B737_700 39 26 40200 42600
S2_4107_B737_700 39 31 49800 65100
S2_4602_B737_700 41 22 48600 52200
S2_4601_B737_700 41 31 48600 54900
S2_4602_B737_700 41 31 48600 59100
S2_4653_B737_800 43 7 21900 26400
S2_4238_B737_800 43 7 36300 40200
S2_4238_B737_800 43 11 36300 58500
S2_4653_B737_800 43 16 21900 38100
S2_4238_B737_800 43 16 36300 52200
S2_4845_B737_800 48 7 71100 76500
S2_4844_B737_800 48 27 30900 36000
S2_4845_B737_800 48 31 71100 84900
9W_2620_B737_800 1 27 44700 51300
9W_616_B7373-80 1 27 60900 64500
9W_2509_ATR-72 2 9 21000 25800
9W_2122_B7373-70 2 16 51600 56100
9W_2513_ATR-72 2 23 22800 27300
9W_2509_ATR-72 2 27 21000 43500
9W_2513_ATR-72 2 27 22800 50400
9W_621_B7373-80 2 27 56100 72900
9W_2513_ATR-72 2 28 22800 36300
9W_2122_B7373-70 2 28 51600 62700
9W_338_B7373-80 2 31 26100 29700
9W_2417_B737_800 2 31 40200 44400
9W_621_B7373-80 2 31 56100 60300
9W_2004_B7373-80 2 31 67500 72000
9W_2513_ATR-72 2 67 22800 43200
9W_2509_ATR-72 2 54 21000 34200
9W_2874_ATR-72 57 20 43800 48000
9W_2887_ATR-72 57 27 56400 62100
9W_2642_ATR-72 4 16 30900 35700
9W_306_B7373-80 4 16 36300 40200
9W_2792_B7373-70 4 16 45900 49800
9W_2644_ATR-72 4 16 74100 79200
9W_306_B7373-80 4 31 36300 50100
9W_383_B7373-80 5 23 68700 71700
9W_314_B7373-80 5 31 28800 31800
9W_383_B7373-80 5 31 68700 79500
9W_2512_B7373-80 5 31 74400 77400
9W_712_B7373-80 6 16 54300 62700
9W_478_B737_800 7 2 25200 37200
9W_321_B737 7 2 0 41400
9W_390_B7373-80 7 49 41100 48300
9W_2308_B7373-80 7 12 37500 41100
9W_391_B7373-80 7 12 59700 63300
9W_496_B7373-80 7 12 63600 66600
9W_2716_ATR-72 7 12 65100 68700
9W_2762_ATR-72 7 12 77400 81000
9W_2736_ATR-72 7 12 80100 84300
9W_2731_ATR-72 7 13 31800 36000
9W_407_B7373-80 7 13 62700 66300
9W_810_B7373-80 7 16 25200 34500
9W_816_B7373-80 7 16 58500 68100
9W_812_B7373-80 7 16 67500 76800
9W_2351_ATR-72 7 19 43500 48900
9W_498_B7373-80 7 19 47400 51900
9W_495_B7373-80 7 19 51000 55200
9W_2363_B7373-80 7 20 28800 43800
9W_2795_ATR-72 7 22 25200 30900
9W_2400_ATR-72 7 22 38400 44100
9W_2743_ATR-72 7 22 45900 51600
9W_2744_ATR-72 7 22 60600 66300
9W_2363_B7373-80 7 27 28800 36900
9W_2735_ATR-72 7 30 27000 30900
9W_2737_ATR-72 7 30 37800 41700
9W_2751_ATR-72 7 30 49200 53100
9W_2401_ATR-72 7 30 68400 72300
9W_478_B737_800 7 31 25200 37200
9W_412_B737 7 31 420 31800
9W_412_B7373-80 7 31 31800 37500
9W_321_B737 7 31 0 41400
9W_418_B737 7 31 0 57300
9W_448_B7373-80 7 31 66300 72600
9W_442_B737 7 31 0 73800
9W_2124_B7373-80 7 31 83400 3000
9W_445_B7373-80 7 36 31200 36000
9W_445_B7373-80 7 36 33300 38100
9W_445_B7373-80 7 36 42000 47100
9W_2364_B7373-80 7 36 76800 81600
9W_2400_ATR-72 7 54 38400 51600
9W_2745_ATR-72 7 43 60900 66600
9W_2795_ATR-72 7 47 25200 36600
9W_2392_B737 58 31 0 40200
9W_2510_ATR-72 9 2 75600 80700
9W_2651_ATR-72 9 11 30900 43800
9W_2779_ATR-72 9 12 51000 66900
9W_2651_ATR-72 9 16 30900 37200
9W_2655_ATR-72 9 16 50700 63000
9W_2653_ATR-72 9 16 76200 82800
9W_2779_ATR-72 9 22 51000 58800
9W_2509_ATR-72 9 27 28200 43500
9W_2655_ATR-72 9 28 50700 56100
9W_2115_B737 9 31 120 76200
9W_2115_B7373-80 9 31 76200 81900
9W_2509_ATR-72 9 54 28200 34200
9W_391_B7373-80 49 7 50100 57300
9W_391_B7373-80 49 12 50100 63300
9W_2689_ATR-72 49 27 42900 46500
9W_2682_ATR-72 49 27 58200 63300
9W_2682_ATR-72 49 67 58200 71100
9W_2536_ATR-72 59 31 35100 41700
9W_340_B7373-80 59 31 62100 66900
9W_2652_ATR-72 11 9 62100 74400
9W_467_B7373-80 11 12 43800 62100
9W_2658_ATR-72 11 16 45600 49500
9W_2652_ATR-72 11 16 62100 66000
9W_467_B7373-80 11 31 43800 52200
9W_2735_ATR-72 12 7 21600 25200
9W_2761_ATR-72 12 7 26700 30000
9W_390_B7373-80 12 7 35700 38700
9W_495_B7373-80 12 7 45300 48300
9W_2309_B7373-80 12 7 62400 65100
9W_2780_ATR-72 12 9 32700 48600
9W_390_B7373-80 12 49 35700 48300
9W_489_B7373-80 12 11 23700 41700
9W_2729_ATR-72 12 13 20100 25800
9W_2729_ATR-72 12 13 23100 28500
9W_2702_ATR-72 12 13 51300 56700
9W_2702_ATR-72 12 13 53700 59100
9W_835_B7373-80 12 13 65400 69600
9W_2755_ATR-72 12 14 22200 27000
9W_2347_ATR-72 12 14 51900 57000
9W_766_B7373-70 12 14 65700 69300
9W_822_B7373-80 12 16 21900 31200
9W_836_B7373-80 12 16 30300 40500
9W_830_B7373-80 12 16 63000 73200
9W_495_B7373-80 12 19 45300 55200
9W_2821_ATR-72 12 22 22800 28800
9W_2780_ATR-72 12 22 32700 38400
9W_2754_ATR-72 12 22 48300 54000
9W_2407_ATR-72 12 22 68400 74700
9W_2407_ATR-72 12 22 68400 74400
9W_2750_ATR-72 12 22 73500 79500
9W_2750_ATR-72 12 22 79200 84900
9W_2821_ATR-72 12 23 22800 45300
9W_2450_B7373-80 12 27 27300 35400
9W_842_B7373-80 12 27 75000 83100
9W_2341_ATR-72 12 29 24600 29400
9W_2343_ATR-72 12 29 38100 43200
9W_2727_ATR-72 12 29 59700 64500
9W_2723_ATR-72 12 29 66000 70800
9W_2723_ATR-72 12 29 67800 72900
9W_2735_ATR-72 12 30 21600 30900
9W_489_B7373-80 12 31 23700 30900
9W_466_B7373-80 12 31 28800 36900
9W_464_B7373-80 12 31 33300 40500
9W_2144_B737 12 31 0 41100
9W_488_B7373-80 12 31 43200 50100
9W_488_B7373-80 12 31 48300 55200
9W_468_B7373-80 12 31 64500 71400
9W_470_B7373-80 12 31 69000 75900
9W_466_B7373-80 12 53 28800 43200
9W_613_B7373-80 12 35 36900 45000
9W_491_B7373-70 12 36 19500 25800
9W_2821_ATR-72 12 54 22800 36600
9W_2798_ATR-72 12 42 36000 40200
9W_2405_ATR-72 12 42 48000 52200
9W_2405_ATR-72 12 42 51600 55800
9W_2789_ATR-72 12 42 69300 73800
9W_2789_ATR-72 12 42 70200 74400
9W_2789_ATR-72 12 42 70500 74400
9W_844_B7373-80 12 43 48300 53700
9W_488_B7373-80 12 71 43200 56100
9W_488_B7373-80 12 71 48300 61500
9W_2701_ATR-72 12 48 35100 41400
9W_2701_ATR-72 12 48 37500 43800
9W_445_B7373-80 13 7 24900 29100
9W_445_B7373-80 13 7 27000 30900
9W_445_B7373-80 13 7 29700 33600
9W_2730_ATR-72 13 7 37800 42000
9W_2730_ATR-72 13 7 38400 42300
9W_836_B7373-80 13 12 24000 28200
9W_2701_ATR-72 13 12 27600 33000
9W_2701_ATR-72 13 12 30300 35700
9W_2734_ATR-72 13 12 58500 64500
9W_2734_ATR-72 13 12 59100 65100
9W_2734_ATR-72 13 12 60900 66300
9W_836_B7373-80 13 16 24000 40500
9W_828_B7373-80 13 16 51000 66600
9W_828_B7373-80 13 22 51000 56700
9W_406_B7373-80 13 31 32400 39000
9W_404_B7373-80 13 31 58800 66000
9W_445_B7373-80 13 36 24900 36000
9W_445_B7373-80 13 36 27000 38100
9W_445_B7373-80 13 36 29700 47100
9W_2701_ATR-72 13 48 27600 41400
9W_2701_ATR-72 13 48 30300 43800
9W_2765_ATR-72 14 12 28800 32700
9W_2348_ATR-72 14 12 58800 63900
9W_756_B7373-70 14 12 71700 75600
9W_2646_B737 14 31 120 72000
9W_2636_ATR-72 15 16 43200 46800
9W_334_B7373-80 15 16 53400 57300
9W_334_B7373-80 15 31 53400 67500
9W_2121_B7373-70 16 2 45000 49800
9W_2641_ATR-72 16 4 24000 29100
9W_305_B7373-80 16 4 30600 34500
9W_2791_B7373-70 16 4 39300 43800
9W_2643_ATR-72 16 4 67200 72300
9W_711_B7373-80 16 6 43800 52200
9W_807_B7373-80 16 7 25800 35100
9W_815_B7373-80 16 7 44100 54000
9W_811_B7373-80 16 7 65400 75300
9W_834_B7373-80 16 7 74100 83100
9W_2654_ATR-72 16 9 22800 29100
9W_2656_ATR-72 16 9 36300 48900
9W_2652_ATR-72 16 9 67800 74400
9W_2651_ATR-72 16 11 39600 43800
9W_2657_ATR-72 16 11 56100 60300
9W_821_B7373-80 16 12 24600 34200
9W_835_B7373-80 16 12 52500 63000
9W_739_B7373-80 16 12 71400 80700
9W_827_B7373-80 16 13 33600 48900
9W_835_B7373-80 16 13 52500 69600
9W_2635_ATR-72 16 15 37500 41400
9W_307_B7373-80 16 15 48600 51300
9W_2647_ATR-72 16 61 48600 55800
9W_827_B7373-80 16 22 33600 41100
9W_2243_B7373-70 16 22 70500 78900
9W_791_B7373-80 16 23 23100 28500
9W_793_B7373-70 16 23 67500 72900
9W_2249_ATR-72 16 25 25500 29100
9W_2625_ATR-72 16 25 67200 70800
9W_2475_ATR-72 16 63 36900 42300
9W_2423_B7373-80 16 65 38400 47700
9W_2345_B7373-70 16 66 18600 23700
9W_2345_B7373-70 16 66 20400 25800
9W_303_B7373-80 16 28 18600 22500
9W_2244_B7373-70 16 28 32400 36300
9W_2656_ATR-72 16 28 36300 41700
9W_2122_B7373-70 16 28 59100 62700
9W_2763_ATR-72 16 28 65100 69900
9W_332_B7373-90 16 31 26100 33300
9W_336_B7373-80 16 31 29100 36600
9W_304_B7373-80 16 31 30300 37800
9W_302_B7373-90 16 31 35100 43500
9W_306_B7373-80 16 31 42600 50100
9W_352_B7373-90 16 31 50400 58200
9W_334_B7373-80 16 31 59700 67500
9W_362_B7373-90 16 31 62700 70800
9W_356_B7373-80 16 31 67500 75300
9W_354_B7373-90 16 31 71100 78900
9W_312_B7373-80 16 31 74700 82500
9W_312_B737 16 31 0 74700
9W_727_B7373-70 16 67 38100 43200
9W_365_B7373-70 16 36 27900 35400
9W_365_B7373-70 16 36 30600 38100
9W_795_B7373-80 16 36 50100 57900
9W_2531_B7373-70 16 54 59400 65700
9W_603_B7373-80 16 39 37500 42600
9W_611_B7373-70 16 70 22200 27300
9W_336_B7373-80 16 43 29100 46500
9W_2627_ATR-72 16 45 19500 25800
9W_2629_ATR-72 16 45 51300 57600
9W_2563_B7373-70 16 71 52200 57900
9W_2423_B7373-80 16 46 38400 42900
9W_2500_ATR-72 60 31 52500 62400
9W_2500_ATR-72 60 68 52500 55200
9W_2352_ATR-72 19 7 51000 57000
9W_499_B7373-80 19 7 53700 57600
9W_496_B7373-80 19 7 57300 61200
9W_496_B7373-80 19 12 57300 66600
9W_480_B737_800 19 31 26100 30300
9W_480_B7373-80 19 31 26100 30300
9W_476_B7373-80 19 31 49200 53100
9W_627_B7373-80 19 31 52800 56700
9W_474_B7373-80 19 31 58800 62700
9W_2648_ATR-72 61 16 57600 65100
9W_616_B7373-80 20 1 56400 59100
9W_2873_ATR-72 20 57 49800 54000
9W_2364_B7373-80 20 7 57000 73500
9W_626_B7373-80 20 19 28200 50400
9W_2878_ATR-72 20 62 31200 34800
9W_2363_B7373-80 20 62 45900 49200
9W_2878_ATR-72 20 64 31200 34800
9W_2363_B7373-80 20 64 45900 49200
9W_626_B7373-80 20 27 28200 32100
9W_620_B7373-80 20 27 43500 47700
9W_616_B7373-80 20 27 56400 64500
9W_2364_B7373-80 20 27 57000 61500
9W_628_B7373-80 20 27 67800 71700
9W_626_B7373-80 20 31 28200 44100
9W_620_B7373-80 20 31 43500 60000
9W_2364_B7373-80 20 36 57000 81600
9W_2877_ATR-72 20 69 41700 44700
9W_620_B7373-80 20 71 43500 67500
9W_2742_ATR-72 22 7 30000 36000
9W_2741_ATR-72 22 7 53400 59100
9W_2401_ATR-72 22 7 60900 66600
9W_2740_ATR-72 22 7 69300 75000
9W_2780_ATR-72 22 9 40800 48600
9W_2749_ATR-72 22 12 25200 30600
9W_2779_ATR-72 22 12 60900 66900
9W_2822_ATR-72 22 12 63000 69000
9W_2408_ATR-72 22 12 76200 82200
9W_2408_ATR-72 22 12 76800 82500
9W_2822_ATR-72 22 12 77700 83700
9W_827_B7373-80 22 13 43500 48900
9W_2244_B7373-70 22 16 22500 30000
9W_828_B7373-80 22 16 59100 66600
9W_2821_ATR-72 22 23 30900 45300
9W_2244_B7373-70 22 28 22500 36300
9W_2401_ATR-72 22 30 60900 72300
9W_349_B7373-80 22 31 27000 32100
9W_458_B737 22 31 0 36000
9W_452_B7373-80 22 31 65100 70500
9W_2315_ATR-72 22 36 60300 66900
9W_2574_ATR-72 22 36 77100 83400
9W_2821_ATR-72 22 54 30900 36600
9W_2400_ATR-72 22 54 45900 51600
9W_2759_ATR-72 22 37 45900 50400
9W_349_B7373-80 22 71 27000 38100
9W_2795_ATR-72 22 47 33000 36600
9W_2877_ATR-72 62 20 36600 40200
9W_2364_B7373-80 62 20 51000 54000
9W_2514_ATR-72 23 2 76200 81000
9W_2822_ATR-72 23 12 47100 69000
9W_2822_ATR-72 23 12 61500 83700
9W_792_B7373-80 23 16 30300 35100
9W_794_B7373-70 23 16 74700 80100
9W_794_B7373-70 23 16 75000 80100
9W_2822_ATR-72 23 22 47100 61200
9W_2822_ATR-72 23 22 61500 75900
9W_2513_ATR-72 23 27 29100 50400
9W_2513_ATR-72 23 28 29100 36300
9W_382_B7373-80 23 31 30000 34500
9W_2622_B7373-80 23 31 44100 48900
9W_2105_B7373-80 23 31 49800 54600
9W_2388_B737 23 31 0 60600
9W_383_B7373-80 23 31 74700 79500
9W_2386_B737 23 31 0 75300
9W_2513_ATR-72 23 67 29100 43200
9W_2821_ATR-72 23 36 47100 52500
9W_2368_B7373-80 23 36 57600 61500
9W_2822_ATR-72 23 54 47100 53700
9W_2822_ATR-72 23 54 61500 68100
9W_2250_ATR-72 25 16 30600 34500
9W_2626_ATR-72 25 16 72600 76200
9W_2056_B7373-80 25 31 28800 34800
9W_2054_B737 25 31 0 77100
9W_2476_ATR-72 63 16 44100 49500
9W_316_B7373-80 63 31 47100 51900
9W_2877_ATR-72 64 20 36600 40200
9W_2364_B7373-80 64 20 51000 54000
9W_2624_B7373-80 64 27 57300 61800
9W_2424_B7373-80 65 16 49500 59700
9W_2424_B7373-80 65 46 49500 52500
9W_2619_B7373-80 27 1 39000 42900
9W_2619_B7373-80 27 1 46200 49800
9W_2514_ATR-72 27 2 52500 81000
9W_2510_ATR-72 27 2 59100 80700
9W_2871_ATR-72 27 57 36600 42000
9W_2364_B7373-80 27 7 64500 73500
9W_2510_ATR-72 27 9 59100 73800
9W_2688_ATR-72 27 49 36000 41100
9W_2687_ATR-72 27 49 50700 55800
9W_844_B7373-80 27 12 38400 46200
9W_841_B7373-80 27 12 64500 72600
9W_626_B7373-80 27 19 34500 50400
9W_2484_B7373-80 27 20 22200 26400
9W_619_B7373-80 27 20 36900 41100
9W_2363_B7373-80 27 20 39300 43800
9W_2619_B7373-80 27 20 46200 54300
9W_2482_B7373-80 27 20 60600 65700
9W_2514_ATR-72 27 23 52500 74400
9W_2623_B7373-80 27 64 49500 55500
9W_2514_ATR-72 27 28 52500 64800
9W_618_B7373-80 27 31 21900 31200
9W_618_B7373-80 27 31 22200 32100
9W_626_B7373-80 27 31 34500 44100
9W_620_B7373-80 27 31 49800 60000
9W_624_B737 27 31 0 57300
9W_616_B7373-80 27 31 66600 75900
9W_628_B7373-80 27 31 74400 84300
9W_2685_ATR-72 27 67 21000 26100
9W_2514_ATR-72 27 67 52500 57900
9W_2682_ATR-72 27 67 65700 71100
9W_618_B7373-80 27 36 21900 36300
9W_618_B7373-80 27 36 22200 37800
9W_2364_B7373-80 27 36 64500 81600
9W_2510_ATR-72 27 54 59100 66300
9W_2856_ATR-72 27 56 25800 28800
9W_2861_ATR-72 27 56 45900 50100
9W_2858_ATR-72 27 56 66300 69900
9W_2875_ATR-72 27 69 18900 24900
9W_844_B7373-80 27 43 38400 53700
9W_620_B7373-80 27 71 49800 67500
9W_2893_ATR-72 27 46 54300 60600
9W_2346_B7373-70 66 16 25500 30300
9W_2346_B7373-70 66 16 27900 32100
9W_2121_B7373-70 28 2 38100 49800
9W_2514_ATR-72 28 2 66900 81000
9W_2656_ATR-72 28 9 43500 48900
9W_304_B7373-80 28 16 24300 28200
9W_2121_B7373-70 28 16 38100 42600
9W_2655_ATR-72 28 16 57900 63000
9W_2243_B7373-70 28 16 64500 68100
9W_2764_ATR-72 28 16 72000 77400
9W_2243_B7373-70 28 22 64500 78900
9W_2514_ATR-72 28 23 66900 74400
9W_2513_ATR-72 28 27 38100 50400
9W_304_B7373-80 28 31 24300 37800
9W_348_B7373-80 28 31 46800 53400
9W_2513_ATR-72 28 67 38100 43200
9W_2342_ATR-72 29 12 31200 36000
9W_2344_ATR-72 29 12 45000 50100
9W_2728_ATR-72 29 12 66900 71700
9W_2724_ATR-72 29 12 72600 77400
9W_2724_ATR-72 29 12 74700 79500
9W_2400_ATR-72 30 7 32700 36600
9W_2738_ATR-72 30 7 43500 47100
9W_2752_ATR-72 30 7 54900 58800
9W_2736_ATR-72 30 7 74100 78300
9W_2736_ATR-72 30 12 74100 84300
9W_2400_ATR-72 30 22 32700 44100
9W_436_B7373-80 30 31 30900 37500
9W_434_B737_800 30 31 40800 45900
9W_434_B7373-80 30 31 40800 45900
9W_432_B737_800 30 31 54900 59700
9W_432_B737_800 30 31 54900 59700
9W_2400_ATR-72 30 54 32700 51600
9W_2001_B7373-80 31 2 16800 21000
9W_478_B737_800 31 2 33300 37200
9W_321_B737 31 2 0 50100
9W_2003_B7373-80 31 2 60900 65100
9W_305_B7373-80 31 4 20700 34500
9W_313_B7373-80 31 5 23100 26400
9W_383_B7373-80 31 5 62400 66000
9W_317_B7373-80 31 5 69000 72600
9W_411_B737 31 7 420 23700
9W_411_B7373-80 31 7 23700 29400
9W_342_B737 31 7 0 32400
9W_2417_B737 31 7 0 47400
9W_2417_B737 31 7 120 49200
9W_2105_B7373-80 31 7 57300 63300
9W_483_B737 31 7 0 65100
9W_477_B7373-80 31 7 73200 79200
9W_2391_B737 31 58 0 33000
9W_2115_B7373-80 31 9 62100 74400
9W_2115_B737 31 9 120 62100
9W_2535_ATR-72 31 59 26100 32700
9W_339_B7373-80 31 59 55500 60300
9W_489_B7373-80 31 11 33000 41700
9W_463_B7373-80 31 12 23700 30900
9W_465_B7373-80 31 12 26400 33600
9W_346_B737 31 12 0 32100
9W_481_B7373-80 31 12 52200 59100
9W_481_B7373-80 31 12 52200 59700
9W_467_B7373-80 31 12 54600 62100
9W_487_B7373-80 31 12 73800 80700
9W_2143_B7373-80 31 12 78300 85500
9W_405_B7373-80 31 13 22800 30300
9W_403_B7373-80 31 13 48900 56400
9W_2645_B737 31 14 120 63300
9W_307_B7373-80 31 15 38100 51300
9W_303_B7373-80 31 16 8400 16200
9W_305_B7373-80 31 16 20700 28200
9W_301_B7373-90 31 16 25200 32700
9W_333_B7373-80 31 16 28800 36000
9W_331_B7373-90 31 16 35700 43500
9W_307_B7373-80 31 16 38100 45600
9W_351_B7373-90 31 16 48900 56700
9W_2207_B737 31 16 0 57300
9W_353_B7373-90 31 16 61200 68700
9W_311_B737 31 16 0 64200
9W_311_B7373-80 31 16 64200 72000
9W_309_B7373-80 31 16 70200 78600
9W_361_B7373-90 31 16 73200 81000
9W_2500_ATR-72 31 60 46800 50700
9W_479_B737_800 31 19 20400 24000
9W_479_B7373-80 31 19 20400 24000
9W_475_B7373-80 31 19 43500 47400
9W_626_B7373-80 31 19 46500 50400
9W_473_B7373-80 31 19 52500 56700
9W_2484_B7373-80 31 20 9900 26400
9W_619_B7373-80 31 20 24600 41100
9W_453_B7373-80 31 22 19800 24600
9W_457_B737 31 22 0 26400
9W_459_B7373-80 31 22 51600 57900
9W_381_B7373-80 31 23 23100 28200
9W_464_B7373-80 31 23 42900 48000
9W_2621_B7373-80 31 23 51300 55500
9W_2387_B737 31 23 0 54300
9W_383_B7373-80 31 23 62400 71700
9W_2385_B737 31 23 0 67800
9W_2055_B7373-80 31 25 20700 27000
9W_2053_B737 31 25 0 69300
9W_315_B7373-80 31 63 39900 45300
9W_2484_B7373-80 31 27 9900 19500
9W_619_B7373-80 31 27 24600 34500
9W_615_B7373-80 31 27 27300 36600
9W_615_B7373-80 31 27 27300 36900
9W_623_B737 31 27 0 44700
9W_621_B7373-80 31 27 63000 72900
9W_617_B7373-80 31 27 69000 78600
9W_303_B7373-80 31 28 8400 22500
9W_347_B7373-80 31 28 36900 45000
9W_433_B7373-80 31 30 33000 38100
9W_433_B737_800 31 30 33000 38100
9W_431_B737_800 31 30 48300 53100
9W_431_B737_800 31 30 48300 53100
9W_435_B7373-80 31 30 74400 78300
9W_466_B7373-80 31 53 38700 43200
9W_2175_B737 31 53 0 64200
9W_2175_B737 31 53 120 67800
9W_2500_ATR-72 31 68 46800 55200
9W_618_B7373-80 31 36 33600 36300
9W_618_B7373-80 31 36 35100 37800
9W_2115_B737 31 54 120 62100
9W_2115_B7373-80 31 54 62100 68700
9W_2397_B737 31 55 0 18900
9W_2079_B737 31 55 0 50700
9W_336_B7373-80 31 43 39000 46500
9W_2093_B737 31 45 0 19500
9W_2073_ATR-72 31 45 64500 71400
9W_341_B7373-80 31 71 20100 24000
9W_349_B7373-80 31 71 34500 38100
9W_488_B7373-80 31 71 53100 56100
9W_488_B7373-80 31 71 57900 61500
9W_620_B7373-80 31 71 63900 67500
9W_338_B737 31 48 0 32100
9W_481_B7373-80 53 31 45000 49800
9W_2176_B737 53 31 0 72300
9W_2176_B737 53 31 120 74700
9W_2514_ATR-72 67 2 59700 81000
9W_728_B7373-70 67 16 45000 51000
9W_2514_ATR-72 67 23 59700 74400
9W_2686_ATR-72 67 27 29400 34200
9W_2513_ATR-72 67 27 45000 50400
9W_2683_ATR-72 67 27 72900 78000
9W_2514_ATR-72 67 28 59700 64800
9W_2500_ATR-72 68 31 57000 62400
9W_614_B7373-80 35 12 47100 55200
9W_614_B7373-80 35 12 52200 60900
9W_2363_B7373-80 35 36 20400 25800
9W_446_B7373-80 35 36 38100 42900
9W_446_B7373-80 35 36 40200 45000
9W_446_B7373-80 36 7 49500 54600
9W_492_B7373-70 36 12 40200 46500
9W_2822_ATR-72 36 12 54300 83700
9W_366_B7373-70 36 16 27900 35700
9W_796_B7373-80 36 16 39900 47700
9W_2363_B7373-80 36 20 20400 43800
9W_2573_ATR-72 36 22 21900 27600
9W_2822_ATR-72 36 22 54300 75900
9W_2316_ATR-72 36 22 68700 75300
9W_2367_B7373-80 36 23 38400 42300
9W_2822_ATR-72 36 23 54300 59700
9W_2363_B7373-80 36 27 20400 36900
9W_617_B7373-80 36 27 63600 78600
9W_617_B7373-80 36 31 63600 66300
9W_2822_ATR-72 36 54 54300 68100
9W_2510_ATR-72 54 2 68100 80700
9W_2401_ATR-72 54 7 53400 66600
9W_2510_ATR-72 54 9 68100 73800
9W_2115_B737 54 9 120 70500
9W_2115_B7373-80 54 9 70500 74400
9W_2822_ATR-72 54 12 55500 69000
9W_2822_ATR-72 54 12 69900 83700
9W_2532_B7373-70 54 16 68100 74700
9W_2401_ATR-72 54 22 53400 59100
9W_2822_ATR-72 54 22 55500 61200
9W_2822_ATR-72 54 22 69900 75900
9W_2821_ATR-72 54 23 38400 45300
9W_2509_ATR-72 54 27 36000 43500
9W_2401_ATR-72 54 30 53400 72300
9W_2115_B737 54 31 120 70500
9W_2115_B7373-80 54 31 70500 81900
9W_2760_ATR-72 37 22 52200 57600
9W_2398_B737 55 31 0 24600
9W_2080_B737 55 31 0 56700
9W_2857_ATR-72 56 27 30600 34800
9W_2862_ATR-72 56 27 53100 57300
9W_2859_ATR-72 56 27 71700 75900
9W_2878_ATR-72 69 20 26400 29400
9W_2876_ATR-72 69 27 46500 52500
9W_604_B7373-80 39 16 45000 50100
9W_612_B7373-70 70 16 31800 36900
9W_2799_ATR-72 42 12 42000 45900
9W_2406_ATR-72 42 12 54000 57900
9W_2406_ATR-72 42 12 57600 61200
9W_2790_ATR-72 42 12 75600 79500
9W_2790_ATR-72 42 12 76200 80100
9W_2746_ATR-72 43 7 68400 75000
9W_2450_B7373-80 43 12 20700 25200
9W_2450_B7373-80 43 27 20700 35400
9W_337_B7373-80 43 31 48900 57000
9W_2628_ATR-72 45 16 27600 33300
9W_2630_ATR-72 45 16 59400 65400
9W_2094_B737 45 31 0 26100
9W_2074_ATR-72 45 31 73200 80400
9W_2564_B7373-70 71 16 59700 65100
9W_342_B7373-80 71 31 25800 30000
9W_345_B7373-80 71 31 39900 43800
9W_350_B7373-80 71 31 57900 61500
9W_350_B7373-80 71 31 63600 66300
9W_344_B7373-80 71 31 69300 73500
9W_2424_B7373-80 46 16 54600 59700
9W_2423_B7373-80 46 65 44700 47700
9W_2894_ATR-72 46 27 62400 68700
9W_2796_ATR-72 47 22 38400 42300
9W_2702_ATR-72 48 12 43200 49500
9W_2702_ATR-72 48 12 45600 51900
9W_2702_ATR-72 48 13 43200 56700
9W_2702_ATR-72 48 13 45600 59100
9W_2110_B737 48 31 0 41100
6E_236_A320 1 16 36900 50400
6E_458_A320 1 20 56400 59700
6E_458_A320 1 22 56400 78300
6E_358_A320 1 62 49200 52500
6E_236_A320 1 27 36900 40200
6E_366_A320 1 27 46200 49800
6E_358_A320 1 27 49200 58800
6E_362_A320 1 27 55200 58800
6E_155_A320 2 7 33000 40500
6E_153_A320 2 7 73200 80400
6E_434_A320 2 11 20700 35100
6E_238_A320 2 12 35400 43800
6E_238_A320 2 12 40500 48900
6E_244_A320 2 13 35700 48600
6E_158_A320 2 16 24600 29700
6E_154_A320 2 16 32400 37500
6E_136_A320 2 16 51900 70800
6E_162_A320 2 16 61200 66600
6E_162_A320 2 16 66000 71100
6E_166_A320 2 16 71400 76800
6E_161_A320 2 19 45600 51600
6E_161_A320 2 19 50700 56400
6E_371_A320 2 22 71700 77700
6E_237_A320 2 25 61500 65700
6E_135_A320 2 27 54000 63000
6E_237_A320 2 27 61500 76200
6E_162_A320 2 28 61200 72600
6E_162_A320 2 28 66000 77100
6E_434_A320 2 31 20700 24600
6E_242_A320 2 31 30600 34500
6E_242_A320 2 31 31200 35400
6E_244_A320 2 31 35700 39900
6E_473_A320 2 31 52200 56700
6E_216_A320 2 31 66300 70500
6E_136_A320 2 53 51900 63000
6E_136_A320 2 36 51900 56400
6E_473_A320 2 43 52200 66300
6E_457_A320 7 1 28200 44400
6E_154_A320 7 2 23400 30600
6E_166_A320 7 2 62100 69600
6E_266_A320 7 49 24000 35100
6E_277_A320 7 12 68700 71400
6E_272_A320 7 12 74100 76800
6E_407_A320 7 13 46800 50700
6E_482_A320 7 16 21600 40800
6E_132_A320 7 16 21900 31500
6E_435_A320 7 16 23100 41400
6E_154_A320 7 16 23400 37500
6E_126_A320 7 16 28200 37800
6E_108_A320 7 16 35100 44700
6E_102_A320 7 16 35400 50400
6E_148_A320 7 16 42300 51900
6E_146_A320 7 16 48900 58800
6E_116_A320 7 16 54900 64200
6E_122_A320 7 16 61200 71100
6E_406_A320 7 16 61500 75300
6E_166_A320 7 16 62100 76800
6E_114_A320 7 16 66600 76200
6E_106_A320 7 16 74100 83700
6E_345_A320 7 19 46500 50400
6E_457_A320 7 20 28200 39300
6E_266_A320 7 22 24000 27900
6E_356_A320 7 22 30000 33900
6E_262_A320 7 22 44400 48600
6E_262_A320 7 22 45300 49200
6E_454_A320 7 22 58200 62100
6E_152_A320 7 22 65700 69300
6E_458_A320 7 22 74400 78300
6E_435_A320 7 23 23100 34500
6E_441_A320 7 25 39600 48300
6E_152_A320 7 25 65700 78300
6E_339_A320 7 27 23700 32700
6E_271_A320 7 27 38700 47700
6E_343_A320 7 27 58800 67800
6E_277_A320 7 27 68700 81600
6E_378_A320 7 27 70500 79500
6E_272_A320 7 27 74100 86100
6E_163_A320 7 28 22200 30600
6E_339_A320 7 28 23700 44100
6E_163_A320 7 28 25800 34800
6E_482_A320 7 31 21600 27300
6E_339_A320 7 31 23700 53700
6E_424_A320 7 31 27600 33600
6E_452_A320 7 31 37200 43200
6E_414_A320 7 31 44400 50400
6E_414_A320 7 31 46200 52200
6E_462_A320 7 31 57600 63600
6E_426_A320 7 31 63900 69900
6E_422_A320 7 31 77400 83400
6E_435_A320 7 53 23100 29100
6E_339_A320 7 67 23700 38700
6E_102_A320 7 36 35400 40500
6E_406_A320 7 36 61500 66000
6E_104_A320 7 36 75900 81000
6E_435_A320 7 39 23100 51000
6E_377_A320 7 43 33300 37500
6E_482_A320 7 71 21600 33300
6E_265_A320 49 7 69000 80400
6E_512_A320 49 12 49800 60300
6E_293_A320 49 14 31800 48900
6E_256_A320 49 16 34500 41700
6E_258_A320 49 16 68100 75300
6E_263_A320 49 22 36900 42600
6E_265_A320 49 22 69000 74400
6E_511_A320 49 27 38700 42000
6E_294_A320 49 27 69900 73200
6E_293_A320 49 31 31800 40200
6E_263_A320 49 31 36900 49500
6E_552_A320 49 31 45300 53400
6E_512_A320 49 48 49800 54000
6E_433_A320 11 2 66900 84000
6E_437_A320 11 19 36900 52500
6E_437_A320 11 31 36900 45300
6E_433_A320 11 31 66900 76500
6E_237_A320 12 2 50700 59100
6E_271_A320 12 7 33600 36600
6E_553_A320 12 49 25200 42900
6E_511_A320 12 49 26400 36900
6E_316_A320 12 13 60000 69300
6E_316_A320 12 13 61500 70500
6E_285_A320 12 14 36300 40200
6E_194_A320 12 16 19800 36000
6E_276_A320 12 16 24600 34200
6E_284_A320 12 16 33000 42900
6E_285_A320 12 16 36300 53100
6E_302_A320 12 16 41400 54600
6E_302_A320 12 16 57000 69900
6E_316_A320 12 16 60000 82200
6E_316_A320 12 16 61500 83400
6E_288_A320 12 16 62400 72000
6E_286_A320 12 16 68100 78000
6E_282_A320 12 16 71400 81300
6E_292_A320 12 20 48600 62700
6E_302_A320 12 22 41400 45000
6E_315_A320 12 22 47400 51600
6E_302_A320 12 22 57000 60600
6E_368_A320 12 22 81000 84600
6E_237_A320 12 25 50700 65700
6E_511_A320 12 27 26400 42000
6E_523_A320 12 27 29400 37500
6E_271_A320 12 27 33600 47700
6E_292_A320 12 27 48600 56400
6E_237_A320 12 27 50700 76200
6E_277_A320 12 27 73800 81600
6E_272_A320 12 27 78600 86100
6E_194_A320 12 31 19800 26100
6E_553_A320 12 31 25200 31800
6E_428_A320 12 31 31800 39300
6E_432_A320 12 31 45000 51900
6E_278_A320 12 31 62700 69600
6E_311_A320 12 36 41400 47100
6E_524_A320 12 36 76500 82800
6E_316_A320 12 43 60000 64800
6E_316_A320 12 43 61500 66000
6E_511_A320 12 48 26400 30900
6E_215_A320 13 2 50400 63600
6E_406_A320 13 7 55800 59400
6E_315_A320 13 12 36000 45300
6E_516_A320 13 16 25500 36300
6E_314_A320 13 16 46800 61800
6E_406_A320 13 16 55800 75300
6E_138_A320 13 16 57600 74700
6E_316_A320 13 16 71100 82200
6E_316_A320 13 16 72300 83400
6E_315_A320 13 22 36000 51600
6E_314_A320 13 22 46800 52500
6E_215_A320 13 31 50400 57000
6E_138_A320 13 31 57600 64500
6E_406_A320 13 36 55800 66000
6E_315_A320 13 43 36000 39000
6E_294_A320 14 49 50700 67500
6E_286_A320 14 12 62700 66000
6E_285_A320 14 16 42300 53100
6E_286_A320 14 16 62700 78000
6E_294_A320 14 27 50700 73200
6E_294_A320 14 31 50700 57000
6E_273_A320 16 1 22200 35100
6E_155_A320 16 2 25800 30900
6E_135_A320 16 2 32700 51300
6E_161_A320 16 2 38400 43800
6E_161_A320 16 2 43200 48900
6E_153_A320 16 2 66300 71400
6E_157_A320 16 2 73800 79200
6E_109_A320 16 7 23100 33000
6E_155_A320 16 7 25800 40500
6E_453_A320 16 7 26400 43800
6E_115_A320 16 7 28200 37800
6E_407_A320 16 7 29100 43200
6E_407_A320 16 7 30300 45000
6E_121_A320 16 7 33300 42600
6E_121_A320 16 7 34200 44100
6E_212_A320 16 7 35700 55200
6E_119_A320 16 7 40200 50100
6E_141_A320 16 7 45600 55200
6E_105_A320 16 7 52200 66900
6E_147_A320 16 7 54300 63900
6E_123_A320 16 7 59400 69300
6E_436_A320 16 7 60900 79200
6E_125_A320 16 7 63900 73500
6E_153_A320 16 7 66300 80400
6E_131_A320 16 7 73500 83400
6E_257_A320 16 49 25200 32700
6E_259_A320 16 49 58800 66300
6E_315_A320 16 12 22500 45300
6E_285_A320 16 12 24300 34500
6E_281_A320 16 12 36900 46500
6E_286_A320 16 12 50700 66000
6E_283_A320 16 12 60000 69600
6E_191_A320 16 12 61800 78300
6E_289_A320 16 12 63600 73800
6E_287_A320 16 12 75000 84300
6E_315_A320 16 13 22500 33900
6E_317_A320 16 13 29400 44700
6E_139_A320 16 13 38700 55500
6E_515_A320 16 13 49800 60900
6E_285_A320 16 14 24300 40200
6E_286_A320 16 14 50700 60900
6E_205_A320 16 50 35700 50400
6E_181_A320 16 19 34200 48000
6E_161_A320 16 19 38400 51600
6E_161_A320 16 19 43200 56400
6E_329_A320 16 19 44400 54000
6E_335_A320 16 19 53100 62100
6E_221_A320 16 20 20100 28800
6E_127_A320 16 20 27900 36300
6E_315_A320 16 22 22500 51600
6E_303_A320 16 22 25200 32700
6E_453_A320 16 22 26400 38100
6E_317_A320 16 22 29400 37200
6E_313_A320 16 22 43500 51000
6E_313_A320 16 22 46500 54300
6E_309_A320 16 22 61200 69000
6E_307_A320 16 22 72900 80700
6E_221_A320 16 62 20100 33900
6E_127_A320 16 62 27900 41400
6E_436_A320 16 23 60900 66000
6E_554_A320 16 26 28800 33300
6E_551_A320 16 26 40800 50400
6E_273_A320 16 27 22200 29700
6E_223_A320 16 27 25800 33900
6E_205_A320 16 27 35700 43200
6E_201_A320 16 27 41400 48900
6E_203_A320 16 27 55800 63600
6E_227_A320 16 27 64200 72000
6E_209_A320 16 27 71100 78900
6E_444_A320 16 28 23100 27300
6E_184_A320 16 28 33000 37200
6E_312_A320 16 28 45600 49500
6E_146_A320 16 28 62100 66000
6E_162_A320 16 28 69000 72600
6E_162_A320 16 28 73200 77100
6E_171_A320 16 31 19500 26700
6E_183_A320 16 31 23400 31200
6E_167_A320 16 31 27600 34800
6E_179_A320 16 31 30900 38700
6E_181_A320 16 31 34200 42000
6E_212_A320 16 31 35700 46500
6E_139_A320 16 31 38700 46200
6E_177_A320 16 31 42600 49800
6E_175_A320 16 31 48300 55800
6E_189_A320 16 31 51900 59700
6E_169_A320 16 31 57300 64500
6E_191_A320 16 31 61800 69300
6E_187_A320 16 31 66600 74400
6E_197_A320 16 31 69900 77700
6E_185_A320 16 31 74400 82200
6E_179_A320 16 53 30900 46200
6E_135_A320 16 53 32700 38700
6E_436_A320 16 53 60900 71400
6E_137_A320 16 53 73200 78600
6E_232_A320 16 67 24000 30000
6E_178_A320 16 67 44400 50100
6E_332_A320 16 67 62400 68100
6E_407_A320 16 36 29100 36600
6E_407_A320 16 36 30300 37800
6E_135_A320 16 36 32700 45000
6E_313_A320 16 36 43500 57600
6E_313_A320 16 36 46500 61500
6E_105_A320 16 36 52200 60000
6E_401_A320 16 36 65100 72600
6E_137_A320 16 36 73200 84600
6E_453_A320 16 54 26400 32100
6E_455_A320 16 54 60900 67200
6E_554_A320 16 39 28800 37800
6E_551_A320 16 39 40800 45600
6E_435_A320 16 39 46200 51000
6E_555_A320 72 80 49500 54600
6E_315_A320 16 43 22500 39000
6E_177_A320 16 43 42600 60300
6E_212_A320 16 71 35700 40800
6E_487_A320 16 71 65400 70500
6E_297_A320 16 48 40800 48600
6E_206_A320 50 16 52200 67800
6E_206_A320 50 27 52200 57900
6E_162_A320 19 2 53400 59400
6E_162_A320 19 2 58200 64200
6E_343_A320 19 7 52200 56400
6E_438_A320 19 11 49800 65100
6E_162_A320 19 16 53400 66600
6E_332_A320 19 16 55800 64500
6E_162_A320 19 16 58200 71100
6E_192_A320 19 16 62400 78000
6E_336_A320 19 16 63900 72900
6E_343_A320 19 27 52200 67800
6E_162_A320 19 28 53400 72600
6E_162_A320 19 28 58200 77100
6E_438_A320 19 31 49800 53700
6E_418_A320 19 31 54300 58200
6E_192_A320 19 31 62400 66600
6E_457_A320 20 1 41400 44400
6E_458_A320 20 7 61500 72600
6E_291_A320 20 12 64800 78900
6E_222_A320 20 16 40500 49200
6E_128_A320 20 16 48000 57000
6E_458_A320 20 22 61500 78300
6E_221_A320 20 62 30600 33900
6E_127_A320 20 62 38100 41400
6E_208_A320 20 25 46800 60900
6E_208_A320 20 27 46800 50700
6E_322_A320 20 27 55200 59400
6E_291_A320 20 27 64800 69300
6E_322_A320 20 31 55200 72000
6E_457_A320 22 1 22500 44400
6E_372_A320 22 2 22800 28500
6E_372_A320 22 2 22800 29100
6E_457_A320 22 7 22500 26400
6E_151_A320 22 7 30900 34800
6E_453_A320 22 7 39900 43800
6E_261_A320 22 7 51600 55800
6E_357_A320 22 7 69900 74100
6E_265_A320 22 7 76200 80400
6E_266_A320 22 49 30000 35100
6E_264_A320 22 49 61500 66900
6E_311_A320 22 12 35700 39600
6E_316_A320 22 12 53700 57900
6E_316_A320 22 12 55800 59700
6E_367_A320 22 12 75900 79200
6E_317_A320 22 13 39000 44700
6E_316_A320 22 13 53700 69300
6E_316_A320 22 13 55800 70500
6E_308_A320 22 16 22200 29700
6E_312_A320 22 16 34800 42300
6E_302_A320 22 16 46800 54600
6E_316_A320 22 16 53700 82200
6E_314_A320 22 16 54300 61800
6E_316_A320 22 16 55800 83400
6E_302_A320 22 16 62400 69900
6E_306_A320 22 16 71700 79200
6E_457_A320 22 20 22500 39300
6E_152_A320 22 25 71100 78300
6E_319_A320 22 27 21600 37800
6E_353_A320 22 27 23100 30000
6E_351_A320 22 27 34200 41700
6E_355_A320 22 27 71400 78300
6E_312_A320 22 28 34800 49500
6E_319_A320 22 31 21600 25800
6E_247_A320 22 31 26700 31500
6E_263_A320 22 31 44400 49500
6E_241_A320 22 31 54000 58800
6E_231_A320 22 31 69600 74700
6E_313_A320 22 36 53100 57600
6E_313_A320 22 36 57000 61500
6E_344_A320 22 54 23700 27900
6E_454_A320 22 54 63900 68100
6E_454_A320 22 54 64200 68700
6E_381_A320 22 43 25800 31800
6E_316_A320 22 43 53700 64800
6E_316_A320 22 43 55800 66000
6E_248_A320 22 48 42000 45900
6E_362_A320 62 1 50100 53400
6E_222_A320 62 16 35700 49200
6E_128_A320 62 16 43200 57000
6E_222_A320 62 20 35700 38700
6E_128_A320 62 20 43200 46200
6E_362_A320 62 27 50100 58800
6E_358_A320 62 27 54300 58800
6E_436_A320 23 7 67800 79200
6E_435_A320 23 16 36300 41400
6E_252_A320 23 27 54600 65400
6E_245_A320 23 31 40200 45000
6E_436_A320 23 53 67800 71400
6E_252_A320 23 54 54600 58800
6E_435_A320 23 39 36300 51000
6E_238_A320 25 2 29400 33600
6E_238_A320 25 2 34500 38700
6E_151_A320 25 7 22200 34800
6E_442_A320 25 7 50400 59100
6E_238_A320 25 12 29400 43800
6E_238_A320 25 12 34500 48900
6E_207_A320 25 20 30000 45000
6E_151_A320 25 22 22200 29100
6E_207_A320 25 27 30000 38100
6E_237_A320 25 27 68100 76200
6E_218_A320 25 31 19800 25500
6E_295_A320 25 31 48600 54900
6E_214_A320 25 31 63900 70200
6E_554_A320 26 16 35100 45300
6E_551_A320 26 16 52200 56400
6E_554_A320 26 39 35100 37800
6E_273_A320 27 1 31800 35100
6E_358_A320 27 1 43800 47400
6E_362_A320 27 1 43800 53400
6E_365_A320 27 1 51600 54600
6E_238_A320 27 2 20100 33600
6E_238_A320 27 2 24900 38700
6E_136_A320 27 2 40500 49500
6E_166_A320 27 2 50700 69600
6E_377_A320 27 7 22500 31200
6E_271_A320 27 7 23400 36600
6E_345_A320 27 7 35700 44700
6E_166_A320 27 7 50700 59700
6E_342_A320 27 7 72600 81600
6E_293_A320 27 49 26400 30000
6E_512_A320 27 49 44100 47700
6E_238_A320 27 12 20100 43800
6E_271_A320 27 12 23400 31200
6E_238_A320 27 12 24900 48900
6E_512_A320 27 12 44100 60300
6E_524_A320 27 12 66300 74400
6E_291_A320 27 12 71100 78900
6E_293_A320 27 14 26400 48900
6E_226_A320 27 16 25500 33300
6E_228_A320 27 16 32400 40200
6E_236_A320 27 16 42300 50400
6E_166_A320 27 16 50700 76800
6E_202_A320 27 16 54000 62400
6E_206_A320 27 16 60000 67800
6E_274_A320 27 16 68400 75900
6E_224_A320 27 16 74700 82200
6E_205_A320 27 50 45000 50400
6E_345_A320 27 19 35700 50400
6E_207_A320 27 20 40800 45000
6E_321_A320 27 20 47700 52200
6E_292_A320 27 20 58500 62700
6E_348_A320 27 22 25200 32400
6E_352_A320 27 22 61500 68700
6E_354_A320 27 22 73800 81000
6E_362_A320 27 62 43800 48300
6E_358_A320 27 62 43800 52500
6E_245_A320 27 23 24600 36600
6E_238_A320 27 25 20100 27600
6E_238_A320 27 25 24900 32700
6E_208_A320 27 25 52800 60900
6E_339_A320 27 28 34800 44100
6E_318_A320 27 31 21300 31200
6E_245_A320 27 31 24600 45000
6E_293_A320 27 31 26400 40200
6E_339_A320 27 31 34800 53700
6E_324_A320 27 31 40200 49800
6E_326_A320 27 31 52500 61800
6E_322_A320 27 31 62700 72000
6E_404_A320 27 31 66000 79500
6E_328_A320 27 31 75000 84900
6E_404_A320 27 53 66000 72300
6E_339_A320 27 67 34800 38700
6E_524_A320 27 36 66300 82800
6E_245_A320 27 54 24600 29700
6E_377_A320 27 43 22500 37500
6E_512_A320 27 48 44100 54000
6E_161_A320 28 2 32400 43800
6E_161_A320 28 2 37200 48900
6E_342_A320 28 7 61200 81600
6E_164_A320 28 7 72900 81600
6E_161_A320 28 16 32400 36000
6E_161_A320 28 16 37200 41400
6E_141_A320 28 16 39000 43200
6E_309_A320 28 16 51900 55800
6E_185_A320 28 16 67800 71400
6E_449_A320 28 16 74400 78600
6E_449_A320 28 16 78900 82500
6E_161_A320 28 19 32400 51600
6E_161_A320 28 19 37200 56400
6E_309_A320 28 22 51900 69000
6E_342_A320 28 27 61200 70500
6E_445_A320 28 31 29400 37500
6E_339_A320 28 31 45900 53700
6E_185_A320 28 31 67800 82200
6E_342_A320 28 67 61200 64800
6E_213_A320 31 2 27600 31800
6E_474_A320 31 2 44700 48900
6E_215_A320 31 2 59400 63600
6E_243_A320 31 2 66000 69900
6E_433_A320 31 2 80100 84000
6E_421_A320 31 7 22200 28200
6E_461_A320 31 7 36300 42600
6E_461_A320 31 7 37800 43500
6E_212_A320 31 7 49200 55200
6E_342_A320 31 7 51900 81600
6E_423_A320 31 7 54300 60300
6E_451_A320 31 7 66900 72300
6E_425_A320 31 7 72300 78000
6E_415_A320 31 7 76800 82500
6E_553_A320 31 49 35100 42900
6E_264_A320 31 49 54600 66900
6E_294_A320 31 49 59100 67500
6E_434_A320 31 11 26700 35100
6E_438_A320 31 11 56700 65100
6E_427_A320 31 12 22800 29700
6E_431_A320 31 12 36300 43200
6E_279_A320 31 12 53100 60600
6E_191_A320 31 12 71400 78300
6E_483_A320 31 12 75300 82500
6E_244_A320 31 13 42000 48600
6E_139_A320 31 13 48600 55500
6E_293_A320 31 14 42600 48900
6E_184_A320 31 16 22800 30300
6E_194_A320 31 16 28200 36000
6E_482_A320 31 16 29400 40800
6E_188_A320 31 16 30300 37800
6E_178_A320 31 16 33900 41100
6E_172_A320 31 16 41400 48900
6E_168_A320 31 16 45300 52800
6E_176_A320 31 16 50700 57900
6E_196_A320 31 16 55800 63000
6E_174_A320 31 16 60000 67500
6E_186_A320 31 16 63600 70800
6E_138_A320 31 16 67500 74700
6E_192_A320 31 16 70800 78000
6E_182_A320 31 16 74100 81900
6E_198_A320 31 16 80700 1800
6E_181_A320 31 19 44100 48000
6E_437_A320 31 19 48300 52500
6E_417_A320 31 19 56400 60600
6E_207_A320 31 20 20100 45000
6E_321_A320 31 20 34800 52200
6E_248_A320 31 22 33600 38700
6E_264_A320 31 22 54600 59700
6E_268_A320 31 22 61800 66900
6E_254_A320 31 22 72300 76800
6E_234_A320 31 22 76800 81300
6E_252_A320 31 23 47400 52200
6E_207_A320 31 25 20100 26100
6E_296_A320 31 25 40800 46800
6E_217_A320 31 25 72600 78900
6E_207_A320 31 27 20100 38100
6E_319_A320 31 27 27900 37800
6E_321_A320 31 27 34800 44700
6E_323_A320 31 27 41400 50700
6E_252_A320 31 27 47400 65400
6E_342_A320 31 27 51900 70500
6E_294_A320 31 27 59100 73200
6E_403_A320 31 27 60300 72600
6E_327_A320 31 27 62100 72300
6E_325_A320 31 27 71700 81000
6E_184_A320 31 28 22800 37200
6E_342_A320 31 28 51900 59400
6E_446_A320 31 28 63300 71100
6E_411_A320 31 53 24000 28800
6E_179_A320 31 53 41400 46200
6E_403_A320 31 53 60300 65400
6E_178_A320 31 67 33900 50100
6E_342_A320 31 67 51900 64800
6E_252_A320 31 54 47400 58800
6E_447_A320 31 39 39300 48900
6E_177_A320 31 43 52500 60300
6E_473_A320 31 43 58800 66300
6E_482_A320 31 71 29400 33300
6E_484_A320 31 71 58500 62400
6E_248_A320 31 48 33600 45900
6E_135_A320 53 2 40500 51300
6E_436_A320 53 7 73200 79200
6E_134_A320 53 16 27600 33000
6E_435_A320 53 16 30900 41400
6E_196_A320 53 16 48300 63000
6E_136_A320 53 16 64800 70800
6E_435_A320 53 23 30900 34500
6E_403_A320 53 27 67200 72600
6E_412_A320 53 31 33000 38100
6E_196_A320 53 31 48300 53400
6E_404_A320 53 31 74400 79500
6E_135_A320 53 36 40500 45000
6E_137_A320 53 36 80400 84600
6E_435_A320 53 39 30900 51000
6E_342_A320 67 7 66600 81600
6E_191_A320 67 12 52200 78300
6E_329_A320 67 16 32400 38100
6E_191_A320 67 16 52200 58200
6E_233_A320 67 16 69900 75600
6E_342_A320 67 27 66600 70500
6E_339_A320 67 28 40500 44100
6E_339_A320 67 31 40500 53700
6E_191_A320 67 31 52200 69300
6E_135_A320 36 2 46800 51300
6E_407_A320 36 7 38400 43200
6E_407_A320 36 7 40200 45000
6E_105_A320 36 7 61800 66900
6E_103_A320 36 7 82800 1500
6E_523_A320 36 12 21300 27300
6E_302_A320 36 12 48900 54900
6E_134_A320 36 16 21300 33000
6E_102_A320 36 16 42600 50400
6E_302_A320 36 16 48900 69900
6E_136_A320 36 16 58200 70800
6E_406_A320 36 16 67800 75300
6E_402_A320 36 16 74400 81600
6E_302_A320 36 22 48900 60600
6E_304_A320 36 22 59400 63900
6E_304_A320 36 22 63300 67800
6E_523_A320 36 27 21300 37500
6E_134_A320 36 53 21300 25800
6E_136_A320 36 53 58200 63000
6E_453_A320 54 7 33900 43800
6E_456_A320 54 16 29700 35700
6E_454_A320 54 16 70500 76800
6E_453_A320 54 22 33900 38100
6E_349_A320 54 22 69600 74100
6E_245_A320 54 23 32100 36600
6E_252_A320 54 27 60600 65400
6E_245_A320 54 31 32100 45000
6E_436_A320 39 7 52800 79200
6E_554_A320 39 16 40200 45300
6E_551_A320 39 16 47400 56400
6E_436_A320 39 16 52800 57900
6E_556_A320 39 16 56400 61500
6E_436_A320 39 23 52800 66000
6E_551_A320 39 26 47400 50400
6E_448_A320 39 31 50700 60600
6E_436_A320 39 53 52800 71400
6E_474_A320 43 2 33600 48900
6E_378_A320 43 7 63900 68100
6E_315_A320 43 12 40800 45300
6E_316_A320 43 13 66600 69300
6E_316_A320 43 13 67800 70500
6E_176_A320 43 16 39600 57900
6E_316_A320 43 16 66600 82200
6E_316_A320 43 16 67800 83400
6E_315_A320 43 22 40800 51600
6E_382_A320 43 22 68700 75600
6E_378_A320 43 27 63900 79500
6E_474_A320 43 31 33600 41100
6E_176_A320 43 31 39600 47100
6E_212_A320 71 7 42600 55200
6E_483_A320 71 12 65700 82500
6E_482_A320 71 16 35100 40800
6E_488_A320 71 16 72300 77400
6E_212_A320 71 31 42600 46500
6E_483_A320 71 31 65700 69300
6E_511_A320 48 49 32700 36900
6E_512_A320 48 12 55800 60300
6E_298_A320 48 16 50400 58500
6E_241_A320 48 22 48600 52200
6E_511_A320 48 27 32700 42000
6E_241_A320 48 31 48600 58800
G8-166_A320 2 16 77400 82800
G8-532_A320 2 27 30600 39600
G8-368_A320 2 31 33300 38100
G8-177_A320 2 31 74400 78300
G8-151_A320 2 16 53700 61500
G8-562_A320 2 27 46200 49200
G8-116_A320 7 16 29400 39000
G8-120_A320 7 16 74400 84000
G8-245_A320 7 19 23100 27000
G8-322_A320 7 31 21300 26700
G8-391_A320 7 31 43500 50100
G8-391_A320 7 31 45600 51600
G8-326_A320 7 31 73500 79800
G8-241_A320 7 36 60000 64800
G8-382_A320 11 31 40500 48600
G8-384_A320 11 31 68400 76500
G8-367_A320 12 2 19500 31800
G8-367_A320 12 31 19500 25800
G8-302_A320 12 31 49200 56100
G8-301_A320 12 35 29700 37800
G8-451_A320 12 36 75600 80700
G8-345_A320 13 16 68400 85500
G8-345_A320 13 31 68400 75900
G8-163_A320 16 2 23700 28800
G8-165_A320 16 2 70500 75900
G8-151_A320 16 6 38400 51900
G8-115_A320 16 7 33000 41700
G8-115_A320 16 7 33300 43200
G8-117_A320 16 7 63000 72600
G8-336_A320 16 13 50400 66600
G8-151_A320 16 20 38400 46800
G8-183_A320 16 26 41400 51000
G8-187_A320 16 26 45000 49500
G8-185_A320 16 26 48900 54600
G8-101_A320 16 27 22500 30300
G8-195_A320 16 66 18900 23700
G8-193_A320 16 66 31200 35700
G8-396_A320 16 28 53400 57300
G8-141_A320 16 31 22800 35700
G8-330_A320 16 31 25500 32700
G8-334_A320 16 31 29100 36900
G8-332_A320 16 31 44100 51600
G8-336_A320 16 31 50400 57900
G8-396_A320 16 31 53400 66300
G8-340_A320 16 31 64200 71700
G8-342_A320 16 31 74700 82200
G8-344_A320 16 31 80100 1200
G8-141_A320 16 53 22800 28800
G8-143_A320 16 67 25800 31500
G8-189_A320 16 67 59700 65400
G8-101_A320 16 35 22500 40200
G8-173_A320 16 36 30300 37500
G8-173_A320 16 36 31800 39300
G8-179_A320 16 36 65700 73200
G8-175_A320 16 36 75000 80400
G8-147_A320 16 56 64800 70800
G8-191_A320 16 39 20700 25200
G8-183_A320 16 39 41400 46200
G8-187_A320 16 39 45000 54000
G8-201_A320 16 39 57000 61800
G8-246_A320 19 7 74700 78300
G8-376_A320 19 31 24600 28200
G8-374_A320 19 31 28800 32700
G8-372_A320 19 31 59400 63600
G8-380_A320 19 31 85800 3000
G8-537_A320 20 2 57600 72900
G8-151_A320 20 6 48600 51900
G8-151_A320 20 16 48600 61500
G8-537_A320 20 27 57600 62100
G8-392_A320 25 31 61200 67200
G8-187_A320 26 16 51000 60900
G8-183_A320 26 16 52800 57300
G8-186_A320 26 16 56100 61200
G8-387_A320 26 31 55500 65100
G8-187_A320 26 39 51000 54000
G8-537_A320 27 2 63900 72900
G8-532_A320 27 6 41400 44700
G8-102_A320 27 16 52200 60300
G8-545_A320 27 20 51300 55800
G8-101_A320 27 35 32100 40200
G8-196_A320 66 16 25200 30000
G8-194_A320 66 16 37200 42000
G8-395_A320 28 16 45000 49200
G8-396_A320 28 31 58800 66300
G8-367_A320 31 2 27600 31800
G8-321_A320 31 7 21900 27600
G8-323_A320 31 7 52200 58200
G8-325_A320 31 7 78600 84300
G8-381_A320 31 11 30600 38700
G8-383_A320 31 11 58500 66600
G8-301_A320 31 12 21000 27900
G8-303_A320 31 12 66000 73200
G8-336_A320 31 13 59700 66600
G8-333_A320 31 16 21600 29100
G8-327_A320 31 16 28500 36300
G8-335_A320 31 16 35100 42300
G8-395_A320 31 16 35700 49200
G8-337_A320 31 16 39900 47100
G8-339_A320 31 16 65700 72900
G8-142_A320 31 16 68700 80700
G8-341_A320 31 16 69900 77700
G8-341_A320 31 16 69900 77700
G8-343_A320 31 16 73500 81000
G8-345_A320 31 16 78000 85500
G8-347_A320 31 16 81000 1800
G8-375_A320 31 19 19500 23100
G8-371_A320 31 19 53700 57600
G8-373_A320 31 19 68700 72900
G8-379_A320 31 19 80700 84300
G8-391_A320 31 25 53700 59700
G8-387_A320 31 26 38100 53100
G8-395_A320 31 28 35700 42900
G8-142_A320 31 53 68700 73500
G8-385_A320 31 67 40200 48900
G8-301_A320 31 35 21000 37800
G8-385_A320 31 56 40200 53400
G8-387_A320 31 39 38100 47700
G8-142_A320 53 16 75000 80700
G8-141_A320 53 31 30300 35700
G8-144_A320 67 16 33000 38700
G8-190_A320 67 16 66900 72600
G8-385_A320 67 31 50400 63000
G8-385_A320 67 56 50400 53400
G8-302_A320 35 12 39600 47400
G8-102_A320 35 16 42300 60300
G8-102_A320 35 27 42300 50100
G8-302_A320 35 31 39600 56100
G8-242_A320 36 7 66600 71700
G8-452_A320 36 12 82200 1800
G8-174_A320 36 16 39000 46500
G8-174_A320 36 16 41100 48600
G8-178_A320 36 16 75000 82500
G8-176_A320 36 16 82500 4500
G8-148_A320 56 16 72300 78300
G8-385_A320 56 31 54900 63000
G8-192_A320 39 16 26700 31200
G8-183_A320 39 16 48000 57300
G8-187_A320 39 16 55800 60900
G8-202_A320 39 16 63600 69000
G8-183_A320 39 26 48000 51000
G8-387_A320 39 26 49500 53100
G8-387_A320 39 31 49500 65100
3244_A319 1 27 61800 65100
406_A320 73 65 49800 52200
818_A319 2 16 29100 34200
614_A320 2 31 25800 29100
711_A319 57 62 45000 47400
711_A319 57 27 45000 53700
713_A319 57 27 50400 54000
3210_A319 57 27 52800 56700
462_A321 4 16 50100 54300
442_A319 5 16 58800 65400
441_A-321 5 31 62100 65400
880_A321 6 16 50700 58200
722_A319 6 27 52800 56100
722_A320 6 27 54900 58200
510_A321 7 13 52500 55800
804_A320 7 16 21300 30900
804_A320 7 16 22500 31800
439_A-330 7 16 44700 54600
501_A320 7 16 47400 56700
503_A320 7 16 59400 69000
404_A320 7 16 72600 81900
517_A319 7 22 29700 33600
516_A319 7 22 67800 71700
772_A319 7 27 21900 30600
640_A319 7 31 24300 30000
604_A-320 7 31 30900 36600
610_A-319 7 31 68400 74700
608_A319 7 31 76800 82500
633_A321 9 16 64200 68700
634_A320 9 31 27900 33000
878_A319 49 16 50400 57600
474_A320 49 16 72300 79500
670_A319 49 31 47400 55200
658_A321 10 14 49800 51900
658_A321 10 16 49800 72300
658_A321 10 31 49800 60900
863_A321 11 16 40500 44100
863_A321 11 31 40500 54000
263_A320 12 7 24300 27000
439_A-330 12 7 38700 41400
509_A321 12 13 39000 42900
440_A321 12 16 24000 33600
439_A-330 12 16 38700 54600
438_A320 12 16 46200 56100
539_A321 12 16 64800 75000
802_A320 12 16 77400 900
545_A320 12 22 62100 66000
766_A320 12 27 60600 68400
671_A319 12 29 44400 48000
569_A319 12 31 25200 31800
672_A319 12 31 56700 63300
674_A319 12 31 64800 71700
674_A320 12 31 64800 71700
571_A320 12 31 74700 81900
549_A321 12 35 18000 25800
521_A320 12 36 35400 41400
509_A321 13 7 45000 48900
510_A321 13 12 57900 61500
466_A321 13 16 26700 37500
682_A319 13 31 28800 35400
657_A321 14 10 45000 47100
658_A321 14 16 54300 72300
658_A321 14 31 54300 60900
406_A320 16 73 37800 47700
817_A319 16 2 21600 26700
461_A320 16 4 31500 35100
441_A-321 16 5 54000 60000
879_A321 16 6 39600 48600
439_A-330 16 7 24900 41400
506_A320 16 7 34200 43500
506_A320 16 7 35100 45000
502_A320 16 7 47400 56700
403_A320 16 7 60300 69600
504_A320 16 7 72600 81900
634_A320 16 9 21300 26100
877_A319 16 49 41100 48000
473_A320 16 49 63000 69900
657_A321 16 10 25200 47100
864_A321 16 11 35400 38100
439_A-330 16 12 24900 35100
429_A321 16 12 37800 47700
437_A320 16 12 48900 57300
801_A320 16 12 65400 75000
540_A321 16 12 73200 82800
467_A320 16 13 21600 33600
657_A321 16 14 25200 42600
433_A-319 16 18 48000 53400
865_A321 16 19 36000 50700
659_A321 16 19 61200 76800
889_A320 16 20 39900 48300
421_A319 16 74 50400 53400
560_A321 16 22 24600 31800
542_A321 16 22 35400 43200
544_A319 16 22 47700 54900
839_A321 16 22 70200 78000
889_A320 16 62 39900 53700
636_A320 16 23 64800 70200
612_A319 16 25 43200 46200
821_A320 16 26 39900 44700
475_A319 16 63 39600 43200
406_A320 16 65 37800 52200
401_A321 16 27 25200 32700
764_A321 16 27 61200 69000
3449_A320 16 66 20700 25500
3449_A319 16 66 20700 25500
445_A319 16 66 20700 25500
445_A-319 16 66 35100 39900
3825_A-319 16 66 36000 40800
411_A321 16 28 26100 29700
811_A-321 16 28 58500 62100
665_A321 16 30 28800 44100
634_A320 16 31 21300 33000
688_A321 16 31 21600 28500
657_A321 16 31 25200 32700
665_A321 16 31 28800 36600
887_A321 16 31 32400 39900
865_A321 16 31 36000 43500
475_A319 16 31 39600 50400
612_A319 16 31 43200 54600
863_A321 16 31 46800 54000
421_A319 16 31 50400 61500
441_A-321 16 31 54000 65400
471_A319 16 31 57600 68700
659_A321 16 31 61200 68400
636_A320 16 31 64800 76500
810_A321 16 31 64800 72000
624_A319 16 31 68400 75900
805_A321 16 31 72000 79800
602_A321 16 31 75600 83100
469_A319 16 53 20700 25800
409_A319 16 67 26400 31800
407_A319 16 67 46800 52500
415_A319 16 67 66900 72300
851_A320 16 36 18000 25200
849_A321 16 36 57600 64800
853_A320 16 36 68400 75600
469_A319 16 54 20700 30000
809_A321 16 56 46800 53100
3425_A320 16 39 37800 42300
821_A320 16 39 39900 49500
866_A321 16 39 43800 48600
542_A321 16 41 35400 49200
471_A319 16 45 57600 61800
443_A320 16 71 63600 69000
406_A320 16 46 37800 42300
406_A321 16 46 37800 42300
433_A-319 16 46 48000 57300
544_A319 16 47 47700 59700
451_A321 16 48 55200 63000
705_A320 50 51 44100 46500
705_A320 50 27 44100 53400
709_A319 50 27 47700 53400
709_A319 51 50 43200 45600
709_A319 51 27 43200 53400
705_A320 51 27 48600 53400
433_A-319 18 16 55200 63300
433_A-319 18 46 55200 57300
866_A321 19 16 25800 40200
660_A321 19 16 54000 68400
518_A319 19 22 49500 59100
866_A321 19 31 25800 29100
660_A321 19 31 54000 58200
662_A321 19 31 60000 64200
518_A319 19 36 49500 52800
866_A321 19 39 25800 48600
890_A320 20 16 61200 69900
889_A320 20 62 50700 53700
730_A319 20 27 42300 46200
730_A320 20 27 42300 46200
422_A319 74 16 58800 62100
421_A319 74 31 55500 61500
515_A319 22 7 23400 27300
518_A319 22 7 61500 65400
546_A320 22 12 68400 72300
559_A321 22 16 24000 31800
543_A321 22 16 35100 42600
541_A321 22 16 58500 66000
840_A319 22 16 69000 76800
517_A319 22 19 36300 47100
617_A319 22 27 38100 45600
695_A319 22 31 23700 27900
527_A319 22 31 29700 34500
618_A319 22 31 59700 64500
517_A319 22 36 36300 40200
542_A321 22 41 45600 49200
695_A319 22 46 23700 38400
544_A319 22 47 57000 59700
713_A319 62 57 45900 48300
890_A320 62 16 56100 69900
890_A320 62 20 56100 59100
3216_A319 62 27 27300 31200
3218_A319 62 27 27300 31200
713_A319 62 27 45900 54000
711_A319 62 27 49500 53700
635_A320 23 16 28200 33600
636_A320 23 31 72300 76500
611_A319 25 16 40200 42900
612_A319 25 31 48600 54600
822_A320 26 16 56700 61200
450_A319 26 66 33300 36000
821_A320 26 39 46800 49500
3821_A320 26 39 49200 51600
648_A319 75 31 42000 45600
476_A319 63 16 51000 54300
475_A319 63 31 45300 50400
405_A320 65 16 54300 63600
405_A320 65 46 54300 57300
743_A319 27 1 35400 38700
3243_A319 27 1 56400 59700
711_A319 27 57 39600 43200
713_A319 27 57 39600 48300
3209_A319 27 57 46800 50400
721_A319 27 6 46800 50400
721_A320 27 6 49200 52800
771_A319 27 7 65400 74400
765_A320 27 12 65100 72900
763_A321 27 16 25200 32700
701_A-330 27 16 61200 69000
705_A320 27 50 36300 42000
709_A319 27 50 36300 45600
709_A319 27 51 36300 41100
705_A320 27 51 36300 46500
729_A319 27 20 35400 39900
729_A320 27 20 35400 39900
618_A319 27 22 50100 57600
3217_A319 27 62 20700 25200
3215_A319 27 62 20700 25200
711_A319 27 62 39600 47400
713_A319 27 62 39600 43800
676_A319 27 31 21600 31200
618_A319 27 31 50100 64500
775_A319 27 31 60300 70200
773_A320 27 31 71700 81300
787_A319 27 35 19800 27300
3253_A319 27 69 20700 24600
753_A319 27 69 46800 50700
753_A320 27 69 48900 52500
753_A319 27 69 48900 52500
3450_A320 66 16 27300 32100
3450_A319 66 16 27600 32400
446_A319 66 16 40200 45000
446_A-319 66 16 42000 46800
3826_A-319 66 16 42900 47100
449_A319 66 26 27900 30600
448_A319 66 39 27600 30600
412_A321 28 16 31800 35400
812_A-321 28 16 64800 68400
626_A320 28 31 49200 56700
672_A319 29 12 50400 54000
672_A319 29 12 55800 59400
672_A319 29 31 50400 63300
680_A321 30 31 46200 51000
643_A320 31 2 64200 68400
442_A319 31 5 54000 57000
603_A-320 31 7 22500 28200
639_A319 31 7 33300 39000
693_A320 31 7 55800 61800
607_A-319 31 7 59400 65100
609_A319 31 7 74100 80100
633_A321 31 9 57600 62100
669_A319 31 49 37500 45300
657_A321 31 10 36000 47100
864_A321 31 11 25200 38100
570_A320 31 12 25200 32100
671_A319 31 12 34800 42000
572_A319 31 12 62100 68700
673_A320 31 12 74700 81300
681_A319 31 13 61200 68700
657_A321 31 14 36000 42600
601_A321 31 16 21600 28800
635_A320 31 16 21600 33600
864_A321 31 16 25200 32400
806_A321 31 16 28800 36000
866_A321 31 16 32400 40200
611_A319 31 16 32400 42900
809_A321 31 16 36000 43500
472_A320 31 16 39600 51600
476_A319 31 16 43200 54300
677_A321 31 16 46800 54000
422_A319 31 16 50400 62100
442_A319 31 16 54000 65400
633_A321 31 16 57600 68700
660_A321 31 16 61200 68400
658_A321 31 16 64800 72300
888_A321 31 16 68400 75600
605_A321 31 16 75600 82800
623_A-321 31 16 82800 3600
865_A321 31 19 46800 50700
661_A321 31 19 54000 57900
659_A321 31 19 72600 76800
422_A319 31 74 50400 56700
615_A319 31 22 22500 27300
617_A319 31 22 30900 35700
619_A319 31 22 67500 72300
635_A320 31 23 21600 26100
611_A319 31 25 32400 38400
647_A319 31 75 36300 39900
476_A319 31 63 43200 48900
675_A320 31 27 22200 31800
617_A319 31 27 30900 45600
774_A319 31 27 66600 76200
776_A319 31 27 72900 82800
625_A320 31 28 39000 46800
671_A319 31 29 34800 48000
665_A321 31 30 39600 44100
627_A-319 31 53 23100 28200
629_A319 31 53 67200 72000
651_A319 31 54 38400 44400
655_A319 31 55 60600 64500
809_A321 31 56 36000 53100
866_A321 31 39 32400 48600
667_A-319 31 43 23400 30900
472_A320 31 45 39600 45000
645_A320 31 71 24000 27300
695_A319 31 46 30600 38400
651_A319 31 48 38400 50400
469_A319 53 16 27600 38400
628_A-319 53 31 30600 35400
630_A319 53 31 74400 79200
469_A319 53 54 27600 30000
410_A319 67 16 34200 40200
408_A319 67 16 54900 60600
416_A319 67 16 74400 80700
550_A321 35 12 28500 36600
788_A319 35 27 29700 37200
522_A320 36 12 44100 50400
852_A320 36 16 27600 34800
850_A321 36 16 67200 74400
854_A320 36 16 78000 85200
517_A319 36 19 43500 47100
518_A319 36 22 55200 59100
469_A319 54 16 32100 38400
651_A319 54 31 46800 59100
651_A319 54 48 46800 50400
656_A319 55 31 67200 71400
810_A321 56 16 55500 61800
810_A321 56 31 55500 72000
3254_A319 69 27 27000 31200
754_A319 69 27 53100 57000
754_A319 69 27 54900 58500
754_A320 69 27 54900 58500
659_A321 39 16 51300 56400
822_A320 39 16 51900 61200
3426_A320 39 16 53400 58500
659_A321 39 19 51300 76800
3822_A320 39 26 45000 47400
822_A320 39 26 51900 54300
447_A319 39 66 34500 38100
659_A321 39 31 51300 68400
541_A321 41 16 52200 66000
541_A321 41 22 52200 55800
466_A321 43 13 21600 24300
466_A321 43 16 21600 37500
668_A-319 43 31 0 41100
472_A320 45 16 47100 51600
471_A319 45 31 63600 68700
444_A320 71 16 71400 77100
646_A320 71 31 29700 33300
406_A320 46 73 44400 47700
405_A321 46 16 57000 61500
433_A-319 46 16 59100 63300
405_A320 46 16 59400 63600
406_A320 46 65 44400 52200
696_A319 46 31 40500 47700
840_A319 47 16 61800 76800
840_A319 47 22 61800 64800
452_A321 48 16 31500 39300
651_A319 48 31 52800 59100
9502_ATR42-3 76 13 43200 48000
9912_ATR42-3 3 16 30300 37200
9811_ATR42-3 3 16 33300 39900
9812_ATR42-3 3 16 54600 61800
9501_ATR42-3 7 76 30600 42000
9501_ATR42-3 7 13 30600 35400
9507_ATR42-3 7 30 57600 62400
9602_CRJ700 49 16 45000 51900
9780_ATR42-3 49 27 67500 71700
9601_CRJ700 49 35 27000 34200
9501_ATR42-3 13 76 36900 42000
9502_ATR42-3 13 7 49800 54600
9610_CRJ700 15 16 46200 48900
9911_ATR42-3 16 3 21900 28800
9811_ATR42-3 16 3 23400 32100
9811_ATR42-3 16 3 46500 53400
9601_CRJ700 16 49 18000 25200
9609_CRJ700 16 15 41700 44400
9611_CRJ700 16 20 58500 66900
9617_CRJ700 16 24 27300 32100
9811_ATR42-3 16 77 23400 28500
9605_CRJ700 16 77 37500 41400
9803_ATR42-3 16 78 42300 46800
9601_CRJ700 16 35 18000 34200
9623_CRJ700 16 39 21000 25800
9607_CRJ700 16 40 54600 60600
9619_CRJ700 16 71 64200 69300
9612_CRJ700 20 16 69600 78000
9740_ATR42-3 20 27 41700 47100
9759_ATR42-3 20 69 27300 30000
9708_ATR42-3 62 69 34500 36600
9618_CRJ700 24 16 33600 38700
9811_ATR42-3 77 3 29700 32100
9811_ATR42-3 77 16 29700 39900
9606_CRJ700 77 16 43200 46500
9606_CRJ700 77 16 58200 61500
9605_CRJ700 77 27 43200 48600
9779_ATR42-3 27 49 60900 66000
9606_CRJ700 27 16 51000 61500
9739_ATR42-3 27 20 20400 26100
9606_CRJ700 27 77 51000 56400
9781_ATR42-3 27 67 41100 51000
9781_ATR42-3 27 56 41100 45900
9705_ATR42-3 27 69 19800 25500
9804_ATR42-3 78 16 48300 52800
9508_ATR42-3 30 7 64200 69000
9782_ATR42-3 67 27 52200 62400
9782_ATR42-3 67 56 52200 56400
9602_CRJ700 35 49 36000 43200
9602_CRJ700 35 16 36000 51900
9782_ATR42-3 56 27 57600 62400
9781_ATR42-3 56 67 47100 51000
9760_ATR42-3 69 20 37800 40500
9707_ATR42-3 69 62 31200 33300
9706_ATR42-3 69 27 26700 32400
9624_CRJ700 39 16 27600 32700
9608_CRJ700 40 16 62400 68400
9620_CRJ700 71 16 71100 76500
