17405 1098 337 19500 22500 train
15695 1028 1786 77400 55800 train
14553 785 1616 82500 30900 train
12319 526 390 47400 43200 train
12161 92 390 59100 46500 train
12179 692 390 56700 78900 train
14212 398 390 63600 79500 train
12548 355 761 60900 30000 train
12196 759 761 54000 77400 train
12547 761 355 80100 48900 train
19412 759 355 23100 56100 train
19143 525 355 70800 16500 train
11050 208 355 46200 27900 train
12656 236 355 34500 68400 train
19166 264 355 16200 14400 train
12916 785 355 55200 27600 train
19410 162 355 15000 48000 train
12918 397 355 50400 24300 train
19106 740 355 54600 60900 train
12834 650 355 86100 46800 train
12474 470 355 40500 51300 train
19224 470 355 27600 54000 train
11050 209 355 46200 27900 train
19414 526 355 47400 68400 train
11454 289 355 34500 13500 train
12958 398 355 71700 34500 train
12948 535 355 84600 20100 train
11096 67 355 71400 27900 train
12843 732 355 63000 26700 train
18405 732 355 66000 26700 train
19404 447 355 63300 86100 train
19129 358 355 65400 73800 train
19109 480 355 14700 36900 train
19168 253 355 50100 14400 train
19408 253 355 55800 86100 train
19222 472 355 70500 14100 train
16502 17 355 48600 13500 train
19405 17 355 38700 69600 train
15307 770 1716 78600 24900 train
52228 1719 1716 67200 24900 train
12195 761 759 18300 42600 train
19411 355 759 33000 67500 train
19612 429 759 52200 36000 train
19614 429 759 64200 36000 train
12995 525 759 56700 35100 train
13423 814 759 47100 85800 train
12984 779 759 76200 34800 train
12989 992 759 52500 29100 train
18207 685 759 57600 65700 train
12977 59 759 72300 66900 train
19610 740 759 71700 34800 train
12720 584 759 73800 11100 train
17020 584 759 54900 11100 train
12181 30 759 73500 51600 train
12414 470 759 65700 44400 train
15715 873 759 21900 77400 train
19607 526 759 41100 19800 train
16210 26 759 64800 63000 train
12015 398 759 21900 45900 train
19602 874 759 29700 77400 train
18631 1189 759 72600 19200 train
19653 521 759 24000 50100 train
12395 720 759 67500 54600 train
12987 842 759 84000 9900 train
16532 17 759 62400 63000 train
17639 799 279 27000 66600 train
15484 785 1431 24000 64800 train
15472 995 1431 59400 82200 train
15472 995 1431 59400 82200 train
15470 1028 1431 54000 2400 train
13149 842 1431 73800 43800 train
12333 650 250 72000 43200 train
24512 1518 249 65880 35700 train
14218 779 249 59400 40800 train
14216 155 249 64800 80700 train
14114 774 249 48000 29400 train
14116 740 249 59100 27900 train
22442 152 249 23400 34800 train
22442 153 249 23400 34800 train
11069 92 249 19200 31800 train
14216 156 249 64800 80700 train
12404 392 249 73200 17700 train
14164 738 249 68400 29400 train
12418 398 249 77100 24300 train
12276 398 249 81600 22200 train
14512 794 249 60300 35700 train
16308 51 778 18000 46800 train
16041 236 778 74700 38700 train
13351 350 778 39000 73200 train
18189 690 778 56700 73200 train
14807 757 933 35700 46800 train
14523 261 413 26700 28500 train
14526 953 413 51300 75300 train
18241 685 572 75300 29700 train
18241 685 572 75300 29700 train
18241 685 572 75300 29700 train
18241 685 572 75300 29700 train
11265 30 572 51300 82800 train
12160 30 614 75000 35100 train
11405 67 614 79200 54000 train
12765 1098 614 54600 53400 train
19611 759 429 64500 53100 train
19613 759 429 64500 38100 train
12925 525 429 41700 69600 train
18237 687 429 51300 29400 train
12241 779 429 62700 77100 train
14631 774 429 71100 27000 train
15933 1034 429 25200 75600 train
12053 740 429 52200 79500 train
13005 650 429 69000 32100 train
13049 650 429 49800 36600 train
19325 560 429 54000 75600 train
14649 1412 429 23400 84300 train
14673 1412 429 23400 84300 train
15707 982 429 84600 45000 train
12483 775 429 33300 86100 train
12357 526 429 44400 62100 train
11057 92 429 85500 59400 train
12421 336 429 39600 79500 train
12715 336 429 34200 73200 train
12459 398 429 48600 78300 train
12497 398 429 24000 51600 train
12013 398 429 59400 81300 train
12029 398 429 26400 48900 train
12031 398 429 26400 48900 train
12203 768 429 54000 75600 train
12317 842 429 27600 62100 train
12379 842 429 47400 71100 train
18103 690 429 76500 23400 train
18507 179 429 85800 86100 train
12941 1248 529 63000 37200 train
12375 236 529 52500 78900 train
13510 158 529 54000 40500 train
13508 162 529 75300 40500 train
12341 650 529 66000 77700 train
12383 842 529 61200 75300 train
13511 690 529 46800 59400 train
14001 785 1478 83100 26100 train
12071 31 333 50400 74100 train
13137 527 373 43200 22200 train
12226 785 373 69600 34200 train
13017 650 1023 21900 43500 train
13027 650 1023 81600 15600 train
17307 26 620 48600 43800 train
10002 30 27 19800 43800 train
12893 188 724 24300 49500 train
17233 165 719 55500 3600 train
13105 842 257 48000 22200 train
19144 355 525 75900 21300 train
22996 759 525 73800 51600 train
12926 429 525 29400 53100 train
19066 482 525 70200 45900 train
12972 1248 525 73800 37200 train
19116 493 525 80100 50700 train
19132 493 525 71400 41100 train
22904 493 525 54300 17700 train
14707 837 525 34200 34800 train
22473 837 525 53700 45900 train
22452 779 525 20400 33600 train
19020 774 525 38100 15600 train
19030 950 525 57000 61800 train
12215 950 525 33600 29400 train
19452 496 525 23400 80700 train
19038 162 525 48000 16500 train
12248 397 525 56400 33600 train
12908 397 525 77700 59700 train
12910 397 525 56400 29400 train
12980 757 525 73500 51600 train
19708 757 525 31500 23700 train
12472 470 525 40500 65100 train
19028 470 525 34200 80700 train
19018 971 525 49200 20400 train
11103 146 525 60600 61800 train
12479 492 525 67500 41700 train
22926 841 525 37200 53100 train
19040 261 525 21600 16500 train
19050 535 525 83400 33600 train
12936 360 525 57900 73500 train
12996 849 525 77700 51600 train
22902 849 525 77700 49200 train
16531 759 18 20100 17100 train
16507 482 18 20400 11700 train
16533 482 18 20400 17100 train
18463 188 18 19800 43500 train
16590 208 18 51600 25200 train
12607 236 18 56100 77700 train
12609 236 18 48900 72300 train
12639 236 18 28200 50400 train
12657 236 18 83700 18600 train
22625 236 18 26700 48600 train
12027 236 18 63000 81000 train
12726 6 18 18900 50700 train
12678 59 18 33000 71400 train
12683 59 18 61200 15600 train
22607 59 18 61200 15600 train
16505 496 18 32400 11700 train
12591 162 18 24300 17400 train
12510 883 18 23400 42600 train
12430 397 18 75000 24000 train
12080 7 18 50400 77100 train
12785 799 18 68700 23100 train
17210 1156 18 63300 45000 train
16525 1102 18 37800 26400 train
16316 775 18 60600 30900 train
16590 209 18 51600 25200 train
12613 26 18 39600 48600 train
16215 26 18 24300 34800 train
16557 26 18 51900 61800 train
16538 1101 18 48000 14400 train
16593 336 18 21600 19800 train
12628 398 18 76500 49200 train
12296 535 18 71700 73200 train
16202 21 18 24000 42900 train
16228 19 18 72000 16200 train
22618 1098 18 53400 74340 train
2779 1 18 54600 25200 train
18403 689 1959 22800 32100 train
12021 650 1959 22800 47100 train
18416 732 1959 22500 60300 train
12522 59 547 36900 82200 train
11124 387 547 42300 47100 train
15204 692 547 54000 30600 train
12554 398 547 71400 62100 train
15308 1716 770 73500 19800 train
84369 636 770 55800 45300 train
14312 493 770 44700 73500 train
14322 493 770 58500 73500 train
14556 785 770 21900 47700 train
14313 92 770 29100 56400 train
14316 398 770 59700 78600 train
14307 309 770 80100 40500 train
24369 1467 770 64500 45300 train
14369 627 770 66300 45300 train
14235 253 770 85500 50700 train
13348 535 642 76500 36600 train
18623 720 642 76800 30600 train
14659 785 1643 63000 35100 train
15632 883 1643 38700 32400 train
24887 740 1643 69000 72000 train
14887 841 1643 77400 72000 train
13138 373 527 28800 11100 train
14370 770 636 43500 38700 train
24370 770 636 43500 38700 train
13424 759 814 21300 63000 train
13402 823 814 58500 81600 train
15098 470 814 81900 36000 train
12336 92 814 29100 66600 train
13420 261 814 83100 21300 train
12350 398 814 85500 72000 train
13403 1189 814 53100 18900 train
18603 1189 814 54600 13500 train
19047 360 814 34500 69000 train
12253 17 814 48600 30600 train
25014 1575 482 79200 66000 train
14519 785 706 53700 80400 train
19226 470 706 77100 34500 train
12942 529 1248 71400 41700 train
12971 525 1248 77400 39900 train
17204 1156 1248 14400 71400 train
19259 775 1248 56100 47400 train
19025 360 1248 19800 62700 train
18437 188 1961 70500 30000 train
21125 560 2079 72300 38100 train
14723 152 1046 61500 34800 train
14723 153 1046 61500 34800 train
12156 397 138 75600 25500 train
19323 560 138 24300 39300 train
22188 30 138 58200 79500 train
12062 30 138 21600 41700 train
12153 92 138 59100 19800 train
12186 662 138 72300 21900 train
18236 687 140 73500 65700 train
22162 460 140 18000 36300 train
12853 685 140 66000 37800 train
12198 387 140 22500 54000 train
13025 650 140 48300 66600 train
11271 135 140 58800 33900 train
19711 757 140 63000 41100 train
12002 398 140 21600 50700 train
12184 446 140 69000 31800 train
12894 724 188 52800 78600 train
18464 18 188 50400 75000 train
18438 1961 188 68400 30300 train
12829 236 188 76200 63300 train
12831 350 188 57600 29700 train
12073 650 188 48300 73200 train
18448 1921 188 52200 30300 train
12879 92 188 900 26100 train
12820 398 188 25200 44700 train
12282 398 188 46800 39900 train
12897 84 188 66600 67500 train
22881 67 188 40500 63300 train
18495 1553 188 28800 67500 train
18105 688 188 18900 46800 train
18417 688 188 76800 26100 train
17016 165 188 61200 56400 train
22872 1098 188 45900 36600 train
18412 179 188 55200 86100 train
12846 17 188 28800 40500 train
19115 525 493 53400 26700 train
19131 525 493 61800 33900 train
22903 525 493 86100 47700 train
14311 770 493 21900 50400 train
14321 770 493 21900 36900 train
12959 992 493 300 64200 train
11092 67 493 71400 55200 train
12406 397 127 55500 57000 train
22112 289 127 26400 63900 train
11026 67 127 42300 78600 train
12406 397 128 55500 57000 train
22112 289 128 26400 63900 train
11026 67 128 42300 78600 train
14708 525 837 54300 56100 train
22474 525 837 52500 45300 train
22476 117 837 55200 61200 train
12490 992 837 52500 47400 train
12457 950 837 84900 27600 train
12463 950 837 80700 38700 train
22472 950 837 31200 60000 train
15632 883 837 38700 25800 train
12307 650 837 84600 29700 train
12468 757 837 54000 78000 train
16312 775 837 56100 79200 train
12496 526 837 81900 21000 train
14710 732 837 19800 81000 train
17037 165 837 84000 61200 train
18238 429 687 58500 44400 train
18235 140 687 28800 13500 train
18235 140 687 28800 13500 train
18235 140 687 28800 13500 train
18235 140 687 28800 13500 train
12852 236 687 76200 72900 train
22816 59 687 31800 77700 train
18233 560 687 62100 62700 train
12856 289 687 23400 48900 train
18240 289 687 84900 25500 train
12442 398 687 56700 43200 train
22844 535 687 86100 62700 train
12850 67 687 63600 60600 train
22620 196 687 4500 77700 train
17482 1098 687 38100 63900 train
12337 650 867 36600 44700 train
13015 650 867 38400 49500 train
11049 355 208 71700 55500 train
16589 18 208 76500 49200 train
11046 350 208 50100 13500 train
11040 295 208 30000 45900 train
11040 296 208 30000 45900 train
15018 162 208 19800 45900 train
12148 397 208 21300 58800 train
11303 584 208 83400 81600 train
11403 289 208 54000 51300 train
11051 94 208 84900 22800 train
17415 1098 208 75600 59700 train
12076 1018 52 21600 46800 train
16307 778 51 54000 82500 train
16305 59 51 24600 45000 train
16313 59 51 58800 82500 train
16517 17 51 73200 42000 train
16527 17 51 72000 30300 train
18404 1959 689 62100 72600 train
12983 759 779 64500 24300 train
14217 249 779 50700 33900 train
12242 429 779 18900 33000 train
22451 525 779 43500 58800 train
12231 155 779 81000 36000 train
15903 1034 779 31200 47400 train
12217 775 779 33300 66000 train
15011 692 779 82500 53400 train
12231 156 779 81000 36000 train
12449 2 779 44700 19200 train
12687 191 779 84900 16800 train
14215 249 155 21600 36900 train
12232 779 155 75000 30900 train
16093 236 155 18900 74100 train
11109 146 155 22200 43200 train
22454 738 155 17700 46800 train
12230 398 155 79800 24300 train
12234 398 155 84600 25800 train
12420 398 155 45000 77100 train
12004 398 155 22500 45000 train
12272 398 155 84600 25800 train
14203 253 155 58800 79500 train
14219 253 155 18600 41100 train
14227 253 155 17700 35400 train
14209 500 155 49500 69900 train
12539 17 155 39000 31800 train
12655 355 236 24000 57900 train
16042 778 236 57600 24300 train
12376 529 236 57600 81900 train
12608 18 236 23400 44100 train
12610 18 236 28800 52200 train
12640 18 236 54600 76500 train
12658 18 236 81600 16800 train
22626 18 236 52800 74700 train
12028 18 236 21600 39600 train
12830 188 236 43200 32100 train
12851 687 236 32100 32100 train
12670 258 236 75600 51900 train
12674 117 236 80400 23700 train
12676 117 236 51600 78300 train
12680 117 236 22500 49800 train
12682 117 236 85500 27900 train
16670 115 236 75600 16200 train
12270 397 236 57000 72600 train
12434 397 236 57600 72900 train
12612 397 236 57600 72900 train
12839 650 236 85500 13800 train
12841 650 236 53400 62100 train
17314 7 236 73500 42900 train
12604 584 236 60900 21300 train
12760 584 236 66600 29700 train
12968 757 236 70500 35100 train
16032 470 236 85500 36600 train
16094 692 236 58800 36600 train
12602 1064 236 47700 19500 train
12686 1064 236 58500 28800 train
16628 1064 236 79200 54900 train
12672 1122 236 71100 18300 train
16022 26 236 73800 26700 train
22681 26 236 72600 18900 train
12008 26 236 51300 77100 train
12690 1101 236 70800 44700 train
12616 398 236 67200 22500 train
12622 398 236 81000 26100 train
22612 874 236 79200 53700 train
22859 732 236 63000 53700 train
12692 108 236 66600 18900 train
22602 699 236 30300 34800 train
12624 1018 236 52200 24900 train
12696 1018 236 62400 35400 train
12698 1018 236 73200 44700 train
16054 1098 236 36600 49200 train
16058 1098 236 64500 77700 train
16204 1098 236 26400 41400 train
17312 1 236 52200 42900 train
12711 172 236 21600 46800 train
12078 172 236 53400 79200 train
22869 179 236 69600 32100 train
12291 17 236 81900 18900 train
12163 31 440 73800 71100 train
15930 1034 440 85500 72900 train
12389 347 440 20700 74700 train
16128 1839 440 76200 76500 train
15630 883 440 54000 72900 train
16126 492 440 76500 60900 train
17652 799 440 59400 26100 train
17644 1155 440 52800 23400 train
12634 1102 440 62400 24600 train
12606 1079 440 16200 43800 train
12636 191 440 24600 52800 train
12638 191 440 74100 20100 train
22624 191 440 76500 26400 train
16182 1556 440 72900 21900 train
16860 1064 440 24600 18300 train
56101 445 440 68400 16800 train
12668 1101 440 61500 21900 train
16102 1553 440 61200 23400 train
16714 1553 440 72000 30000 train
11064 114 440 75600 16800 train
12662 1120 440 68400 25500 train
16724 1018 440 58200 31200 train
16854 332 440 34500 64200 train
16106 1832 440 69300 42000 train
12632 196 440 67800 24000 train
12694 1130 440 71400 27900 train
12669 236 258 63600 42000 train
15230 685 258 73500 78000 train
18192 851 258 48900 30900 train
11059 92 258 39300 75300 train
15112 252 258 62700 81900 train
15108 392 258 83700 61500 train
19045 360 258 34500 66900 train
18181 690 258 77700 58800 train
18238 429 1484 58500 16200 train
14010 950 1484 44400 35400 train
18235 140 2111 28800 29100 train
18235 140 2111 28800 29100 train
18235 140 2111 28800 29100 train
18235 140 2111 28800 29100 train
18241 685 2111 75300 29100 train
18241 685 2111 75300 29100 train
18241 685 2111 75300 29100 train
18241 685 2111 75300 29100 train
12797 799 1097 72300 32100 train
22475 837 117 22500 16800 train
12673 236 117 79800 21900 train
12675 236 117 22500 49500 train
12679 236 117 52200 80100 train
12681 236 117 81000 24000 train
12648 397 117 31200 33300 train
12970 757 117 70500 64800 train
11013 92 117 81300 25200 train
22609 1064 117 42300 68700 train
12083 1561 117 53400 76500 train
16609 1101 117 73800 26400 train
16613 476 117 18000 7200 train
22615 1098 117 53400 81600 train
16611 1130 117 77400 26400 train
12990 759 992 69600 45600 train
12960 493 992 66600 43200 train
12489 837 992 49800 43200 train
12072 333 31 21600 45000 train
12164 440 31 24600 21600 train
12052 2 31 43800 83100 train
11036 26 31 23400 21000 train
11006 84 31 73800 21000 train
11004 43 31 63000 24300 train
12132 699 31 80700 16200 train
11022 196 31 53100 21000 train
22630 196 31 25800 60000 train
18210 686 1933 67200 80100 train
22161 140 460 64500 81900 train
13401 814 823 19500 46200 train
13287 685 823 26700 28500 train
23111 1406 823 82200 26100 train
12351 650 823 74100 25200 train
13225 1412 823 39900 74400 train
13247 995 823 18000 17880 train
13247 995 823 18000 17880 train
13245 874 823 52800 17880 train
13233 915 823 52800 65100 train
23225 768 823 46200 74400 train
13235 1357 823 51900 84900 train
18183 690 823 29700 69720 train
19165 355 264 75000 69300 train
15609 883 264 79200 70800 train
15235 650 264 39900 80700 train
17005 584 264 77400 46800 train
15233 526 264 38400 80700 train
11065 92 264 44100 4800 train
12578 26 264 26400 51900 train
12562 398 264 74400 65100 train
12566 398 264 51600 41100 train
11033 67 264 58500 24300 train
17007 165 264 79200 47100 train
14163 249 774 63900 47400 train
14632 429 774 80100 36900 train
19019 525 774 300 63300 train
14041 950 774 77400 29400 train
15005 162 774 76200 50400 train
12327 650 774 47400 65400 train
13009 650 774 73800 26700 train
14317 560 774 54000 68700 train
12287 775 774 31800 79800 train
12687 191 774 84900 18000 train
15001 261 774 50400 50400 train
12205 398 774 86100 20400 train
12017 398 774 24600 45600 train
12055 398 774 55500 76200 train
14309 519 774 54000 68700 train
14265 253 774 30600 23700 train
14554 1616 785 72600 19800 train
12915 355 785 66600 36600 train
15483 1431 785 26100 65400 train
14002 1478 785 72900 12000 train
12225 373 785 59100 25200 train
14555 770 785 52200 76800 train
14662 1643 785 64800 40200 train
14520 706 785 24600 51300 train
14055 1034 785 83400 21900 train
14205 448 785 78300 34500 train
14732 1659 785 7200 45900 train
24034 2085 785 69000 20700 train
14660 904 785 62100 40200 train
14646 470 785 74700 39300 train
12462 492 785 72000 24300 train
13111 526 785 72900 11400 train
14043 1329 785 54600 80100 train
13413 872 785 69000 16200 train
13483 872 785 69000 16200 train
14007 261 785 15300 17400 train
14017 261 785 15300 17400 train
14207 446 785 61200 24600 train
14036 1488 785 77400 27900 train
14038 1488 785 25200 62700 train
25715 1426 785 21600 47400 train
25036 1575 785 35400 55200 train
14015 1354 785 2100 17400 train
15273 1354 785 32700 33600 train
12329 842 785 47400 43500 train
12482 953 785 20700 47700 train
14013 447 785 55800 17400 train
19029 525 950 44700 48000 train
12216 525 950 46500 43800 train
12458 837 950 80400 22200 train
22464 837 950 62100 20100 train
22471 837 950 33300 62700 train
14009 1484 950 36900 22500 train
14042 774 950 77100 30600 train
14626 711 950 16200 42000 train
12985 757 950 21600 37800 train
12266 470 950 69600 15600 train
12464 492 950 68400 20100 train
22481 492 950 68400 20100 train
14096 841 950 60600 81600 train
24042 1329 950 78900 30600 train
19263 1235 950 54600 70800 train
12456 953 950 81300 26400 train
14706 1644 950 54000 79800 train
12982 849 950 62100 18600 train
13352 778 350 21600 47700 train
12832 188 350 72600 38700 train
11045 208 350 85500 43200 train
13308 711 350 66300 17700 train
12339 650 350 62400 78000 train
12385 650 350 30900 46200 train
22387 650 350 22500 40200 train
11045 209 350 85500 43200 train
13330 535 350 84600 19200 train
13332 535 350 31200 59700 train
13302 690 350 48000 67500 train
17687 122 1892 54000 85800 train
12725 18 6 46800 78600 train
17301 26 6 81000 29700 train
15818 1814 1804 59700 18000 train
11057 92 432 85500 26100 train
15934 429 1034 57000 15900 train
15904 779 1034 83700 22500 train
15929 440 1034 81000 64800 train
14056 785 1034 85200 14400 train
15959 650 1034 63300 20700 train
15941 533 1034 79500 37800 train
15927 995 1034 24600 65700 train
15927 995 1034 24600 65700 train
15905 1102 1034 53100 12600 train
12525 526 1034 78000 8700 train
12236 398 1034 34200 19800 train
15901 17 1034 86100 73200 train
12424 398 2097 50400 17400 train
12436 398 2097 34200 22500 train
15665 995 1030 49500 71400 train
15669 995 1030 83400 18600 train
15665 995 1030 49500 71400 train
15669 995 1030 83400 18600 train
18208 759 685 70200 80100 train
18242 572 685 76500 33000 train
12854 140 685 56700 28500 train
15229 258 685 26400 27000 train
28242 2111 685 72300 33000 train
13288 823 685 71400 74400 train
12824 397 685 62700 54600 train
18212 1921 685 45000 19500 train
12550 470 685 18000 51600 train
18204 152 685 66000 47400 train
18204 153 685 66000 47400 train
18202 1931 685 39000 51600 train
18206 1931 685 28200 47400 train
18425 732 685 62100 35100 train
58530 179 685 75900 48000 train
12978 759 59 27600 16500 train
12677 18 59 22500 60900 train
12684 18 59 67500 21900 train
22608 18 59 67500 21900 train
12521 547 59 82800 47700 train
22815 687 59 29400 77100 train
16306 51 59 52500 73200 train
16314 51 59 18000 41400 train
12508 883 59 23400 65700 train
12618 397 59 33600 42300 train
12646 397 59 21300 21600 train
12284 397 59 77700 63900 train
10215 2 59 75600 43500 train
16310 535 59 50400 63000 train
16360 535 59 59400 83700 train
11097 67 59 83400 15000 train
22150 67 59 67500 80400 train
16304 1018 59 63600 80400 train
16669 236 115 81600 23100 train
14206 785 448 66900 26400 train
11067 92 448 19200 33900 train
22103 92 448 52200 64200 train
18191 258 851 68700 44400 train
14731 785 1659 51300 3900 train
14625 950 711 24300 53100 train
13307 350 711 76800 36900 train
19451 525 496 86100 62400 train
16506 18 496 78900 48000 train
12938 650 496 82800 60300 train
14801 492 496 74700 23700 train
15668 995 496 39600 14400 train
15668 995 496 39600 14400 train
16336 1101 496 50400 48000 train
12994 732 496 71100 48000 train
19310 560 2022 81900 36000 train
12390 440 347 27000 78000 train
13023 650 347 71400 38400 train
15620 995 347 25200 20100 train
15620 995 347 25200 20100 train
12398 398 347 51000 22800 train
11039 208 295 55800 72900 train
11039 209 295 55800 72900 train
12069 697 295 23100 48300 train
21028 94 295 66000 72900 train
83112 823 1406 68400 16200 train
13111 526 1406 72900 15600 train
13509 529 158 58500 46800 train
14213 253 158 51300 72300 train
11039 208 296 55800 72900 train
11039 209 296 55800 72900 train
12069 697 296 23100 48300 train
21028 94 296 66000 72900 train
19409 355 162 41700 72000 train
13507 529 162 58500 21900 train
19037 525 162 81600 49200 train
12592 18 162 60600 54000 train
11039 208 162 55800 69000 train
15006 774 162 55800 28500 train
15027 1179 162 61500 62400 train
12556 1047 162 59700 35400 train
12588 470 162 81900 74700 train
15003 1647 162 60300 24900 train
11039 209 162 55800 69000 train
15047 526 162 52200 27900 train
15049 526 162 52200 34800 train
15051 526 162 52200 29400 train
11015 92 162 81900 25800 train
11055 92 162 39300 72900 train
12542 92 162 40200 61800 train
15017 92 162 23700 69000 train
12532 692 162 59700 77400 train
15104 252 162 19500 40200 train
11037 67 162 58500 4800 train
12590 165 162 26400 55200 train
12512 1018 162 22500 55200 train
15016 17 162 27600 50400 train
15024 17 162 85200 18000 train
12710 165 806 81000 31800 train
12706 165 1070 27600 51900 train
17202 165 1070 47100 76800 train
12748 588 1070 49500 72000 train
17240 179 1070 25800 55800 train
16127 440 1839 27600 22800 train
16342 1018 1839 63000 600 train
12509 18 883 84600 21000 train
15631 1643 883 81900 84900 train
25631 837 883 300 84900 train
15629 440 883 81000 17700 train
25610 264 883 19800 10800 train
12507 59 883 76500 28500 train
12345 650 883 57000 34200 train
15652 470 883 81900 83400 train
15654 470 883 81900 83400 train
12068 1749 883 51000 75600 train
12517 526 883 78000 56400 train
15610 1671 883 71100 10800 train
15645 92 883 29100 41400 train
15647 92 883 29100 46800 train
12502 398 883 85500 29700 train
15639 732 883 49500 79800 train
15657 842 883 23700 16200 train
12513 165 883 27000 21000 train
12515 1018 883 46200 21000 train
11123 547 387 67500 75600 train
12197 140 387 55800 86100 train
12175 650 387 63900 62700 train
11125 560 387 72300 30300 train
11108 253 387 63900 32100 train
12917 355 397 62400 38400 train
12907 525 397 60600 49500 train
12247 525 397 60600 34800 train
12909 525 397 60600 34800 train
12429 18 397 73200 21000 train
12155 138 397 75900 29100 train
12405 127 397 20400 26700 train
12405 128 397 20400 26700 train
12147 208 397 32700 61500 train
12269 236 397 24000 38100 train
12433 236 397 22200 37200 train
12611 236 397 22200 37200 train
12647 117 397 54300 51300 train
12823 685 397 43200 32700 train
12617 59 397 38700 47400 train
12645 59 397 68400 61500 train
12283 59 397 84600 70200 train
12155 139 397 75900 29100 train
17305 7 397 58500 22500 train
12721 584 397 81000 14400 train
12415 560 397 57600 20400 train
12121 30 397 69000 32700 train
12189 30 397 65400 41700 train
22181 30 397 54000 19200 train
12279 146 397 55200 79200 train
12641 1102 397 69300 64800 train
22447 949 397 66000 19800 train
12147 209 397 32700 61500 train
12059 752 397 21300 45000 train
12651 191 397 86100 64800 train
12447 265 397 61500 19800 train
12781 26 397 72600 61500 train
12263 67 397 40200 26100 train
12409 697 397 12600 26700 train
12285 165 397 48600 38100 train
12437 165 397 45900 37200 train
12643 1018 397 53100 61500 train
12431 1018 397 69300 63000 train
12707 1098 397 20700 64800 train
12964 849 397 65700 23400 train
12779 1 397 54600 22500 train
12803 179 397 30600 61500 train
12807 179 397 23100 60300 train
12861 179 397 54600 14400 train
12629 17 397 49800 46800 train
12649 17 397 79800 33300 train
12156 397 139 75600 25500 train
19323 560 139 24300 39300 train
22188 30 139 58200 79500 train
12062 30 139 21600 41700 train
12153 92 139 59100 19800 train
12186 662 139 72300 21900 train
12363 526 878 32700 73500 train
12343 842 878 79500 56100 train
13141 842 878 49200 18300 train
22981 752 1665 62700 30900 train
12476 470 970 40500 75000 train
22907 2 970 26100 37200 train
29059 360 970 48600 85860 train
12997 196 970 21600 23400 train
19105 355 740 36300 43800 train
19609 759 740 71400 37500 train
14115 249 740 84900 51300 train
12054 429 740 24900 50100 train
24888 1643 740 24300 33600 train
12369 650 740 47400 57900 train
12171 92 740 28500 47400 train
18477 732 740 75300 73800 train
15034 1575 740 30900 51300 train
12911 480 740 56400 57900 train
15028 162 1179 26700 29400 train
18615 650 1179 80400 27300 train
12811 92 1179 900 13500 train
18621 535 1179 55500 18300 train
18625 535 1179 42000 75600 train
22845 67 1179 38700 61800 train
18452 732 1179 74100 42000 train
18623 720 1179 76800 31500 train
12836 17 1179 30600 68700 train
12555 162 1047 59700 36000 train
24033 785 2085 72600 22200 train
12833 355 650 86100 48600 train
12334 250 650 56400 27000 train
13006 429 650 67500 26400 train
13050 429 650 65400 56700 train
12342 529 650 19800 31500 train
13018 1023 650 56400 78300 train
13028 1023 650 28200 50100 train
12022 1959 650 49500 75000 train
13026 140 650 27300 54000 train
12074 188 650 21600 45600 train
22308 837 650 67500 14400 train
12338 867 650 47400 56400 train
13016 867 650 51000 62100 train
12840 236 650 85200 15000 train
12842 236 650 31500 42600 train
12352 823 650 74100 23700 train
15236 264 650 57000 10800 train
12328 774 650 80100 11700 train
13010 774 650 73500 24900 train
12340 350 650 21300 37500 train
12386 350 650 66600 81600 train
22388 350 650 59100 76800 train
15960 1034 650 66300 20700 train
12937 496 650 61200 47100 train
13024 347 650 44400 13200 train
12346 883 650 45900 18600 train
12176 387 650 25500 24300 train
12370 740 650 86100 11700 train
18616 1179 650 76200 23700 train
18646 584 650 36000 58200 train
22911 560 650 84600 24300 train
11447 30 650 1800 15300 train
18006 1921 650 15300 23100 train
12372 904 650 2700 59400 train
13072 813 650 70200 19800 train
12332 470 650 81900 41400 train
12308 492 650 73800 14400 train
12312 841 650 86100 28500 train
12666 1102 650 28200 12000 train
23010 1329 650 78900 24900 train
12354 891 650 66900 68100 train
12101 92 650 74100 12900 train
12151 92 650 74100 30300 train
13012 872 650 16200 41100 train
13466 872 650 22200 46200 train
12178 392 650 15300 24300 train
22818 26 650 1800 53400 train
12250 398 650 58200 38400 train
12304 398 650 58800 60900 train
12324 398 650 25200 21600 train
12382 398 650 58800 60900 train
12274 398 650 46800 22200 train
12302 398 650 61200 35700 train
12306 398 650 61200 45300 train
22310 874 650 45300 82200 train
12024 535 650 20700 48300 train
12905 1235 650 25200 12900 train
12868 84 650 45000 80700 train
12129 67 650 66300 13800 train
12221 67 650 54900 70800 train
12822 732 650 42600 72900 train
12838 732 650 72000 17400 train
12888 732 650 80100 25500 train
12896 732 650 80100 25500 train
18410 732 650 81000 29400 train
12882 732 650 80100 25500 train
12828 733 650 19800 40800 train
12866 733 650 52800 73800 train
12348 879 650 59700 72900 train
18618 1189 650 21600 51600 train
18628 1189 650 20700 49800 train
12020 1189 650 49500 76200 train
13022 1354 650 36000 14400 train
22832 108 650 28200 53400 train
22804 726 650 71700 25500 train
12704 165 650 57600 63900 train
22893 699 650 50100 70200 train
13008 953 650 75600 69600 train
12814 690 650 22500 37200 train
12664 332 650 57600 12000 train
12872 723 650 18900 67500 train
18048 1 650 25800 80700 train
12864 17 650 70500 22200 train
12246 17 650 40500 57600 train
12079 18 7 21600 48300 train
17313 236 7 49800 23100 train
12780 397 7 54300 23100 train
17603 799 7 75600 35100 train
12778 775 7 46200 45600 train
11047 72 7 600 23100 train
16592 26 7 65700 39600 train
11423 94 7 23100 52200 train
17225 172 7 68100 35100 train
12719 759 584 63600 1800 train
17019 759 584 63600 29400 train
11304 208 584 27300 24300 train
12603 236 584 60300 20700 train
12759 236 584 65400 28800 train
17006 264 584 25200 83700 train
12722 397 584 82800 18000 train
18645 650 584 42300 66600 train
11304 209 584 27300 24300 train
17255 1904 584 68100 19500 train
12724 398 584 63000 71400 train
17013 67 584 51300 16200 train
17229 1018 584 26100 49200 train
17430 1098 584 59100 30600 train
12727 179 584 62700 22500 train
19326 429 560 16200 18300 train
21126 2079 560 61800 28500 train
19324 138 560 61800 76800 train
18234 687 560 35700 39600 train
14318 774 560 21000 24000 train
19309 2022 560 66300 23400 train
11126 387 560 70200 28500 train
12416 397 560 80100 43200 train
19324 139 560 61800 76800 train
22912 650 560 63900 5700 train
11472 30 560 82800 38700 train
11701 30 560 18000 77400 train
12974 757 560 75900 26700 train
19711 757 560 63000 37200 train
12920 470 560 32400 46200 train
12466 492 560 22200 81600 train
19801 752 560 23400 51300 train
12924 289 560 68400 21000 train
12914 289 560 68400 24600 train
19311 67 560 55200 35400 train
11703 662 560 18000 73800 train
19314 720 560 40200 55200 train
19322 720 560 40200 55200 train
16326 1018 560 22500 18900 train
19330 849 560 74100 30600 train
19302 17 560 48600 18900 train
12402 398 925 72600 50100 train
13252 720 925 28800 36900 train
11272 140 135 65700 44400 train
12182 759 30 55800 32700 train
11266 572 30 22800 53700 train
12159 614 30 63900 24900 train
10001 27 30 45900 70500 train
22187 138 30 19800 39000 train
12061 138 30 63600 82500 train
12122 397 30 62700 28500 train
12190 397 30 58200 34500 train
22182 397 30 64200 31800 train
22187 139 30 19800 39000 train
12061 139 30 63600 82500 train
11448 650 30 52500 56700 train
11471 560 30 63600 20400 train
11702 560 30 14400 73500 train
11450 470 30 85500 30900 train
15009 692 30 63000 26100 train
12191 398 30 50700 26100 train
11452 662 30 21600 37500 train
11652 627 30 18000 42000 train
11463 664 30 34200 54600 train
11465 664 30 34200 66600 train
18447 188 1921 70500 48600 train
18211 685 1921 45900 16800 train
18005 650 1921 77700 84600 train
14808 933 757 51900 64500 train
12979 525 757 56700 38700 train
19707 525 757 75600 68100 train
19712 140 757 60600 33900 train
12467 837 757 21600 45300 train
12967 236 757 63600 22500 train
12969 117 757 33600 22500 train
12986 950 757 63300 79500 train
12973 560 757 80700 30000 train
19710 995 757 69300 65400 train
19710 995 757 69300 65400 train
12975 26 757 36900 22500 train
12939 67 757 55200 49200 train
19714 165 757 79200 22500 train
12991 849 757 21600 48600 train
14659 785 904 63000 40500 train
12371 650 904 29700 84000 train
14810 492 904 85500 19800 train
14681 398 426 53100 85800 train
13071 650 813 77700 25800 train
12473 355 470 41700 53100 train
19223 355 470 40800 70500 train
12413 759 470 50700 29400 train
12471 525 470 28500 53100 train
19027 525 470 43500 4500 train
15097 814 470 85800 45000 train
19225 706 470 67200 22500 train
16031 236 470 18900 47400 train
14645 785 470 57000 18900 train
12265 950 470 80100 26100 train
12549 685 470 43200 76200 train
12587 162 470 50700 45000 train
15651 883 470 47700 45000 train
15653 883 470 47700 45000 train
12475 970 470 19800 53100 train
12331 650 470 86100 45000 train
12919 560 470 44700 57900 train
11449 30 470 21600 47400 train
12477 971 470 18300 53100 train
12469 152 470 62100 42600 train
12469 153 470 62100 42600 train
16317 1102 470 50400 47400 train
13151 526 470 42300 30600 train
16687 1064 470 60600 47400 train
12491 261 470 25200 42600 train
12425 398 470 74400 20400 train
11077 67 470 62400 36000 train
14609 1622 470 58800 16200 train
12355 720 470 25500 37500 train
18109 688 470 41700 51000 train
18101 690 470 53400 51000 train
16787 196 470 57600 47400 train
12237 253 470 46200 41100 train
19017 525 971 63300 34200 train
12478 470 971 40500 75600 train
19059 360 971 48600 1200 train
14650 429 1412 42900 5400 train
14674 429 1412 42900 5400 train
13226 823 1412 24300 54000 train
13135 526 1412 75300 39600 train
18419 732 1412 49500 48600 train
18605 1189 1412 74400 41700 train
13185 842 1412 56400 28500 train
15942 1034 533 23700 64200 train
11104 525 146 18600 23100 train
11110 155 146 59100 81300 train
12280 397 146 25800 50400 train
11105 526 146 26700 31800 train
11110 156 146 59100 81300 train
12480 525 492 48600 23400 train
19065 525 492 84300 61800 train
16508 18 492 78900 59700 train
16534 18 492 61200 59700 train
16125 440 492 54900 39600 train
12461 785 492 76500 27900 train
12463 950 492 80700 30300 train
22482 950 492 80700 33000 train
14802 496 492 73800 22200 train
12307 650 492 84600 23100 train
12465 560 492 21600 80100 train
14809 904 492 84600 19200 train
11090 67 492 71400 61800 train
18473 732 492 48600 43200 train
19055 480 492 81600 52200 train
14853 253 492 62400 64200 train
14863 253 492 65700 64200 train
14865 253 492 65700 64200 train
13159 526 978 75300 40500 train
12067 883 1749 23400 48000 train
17640 279 799 34200 72900 train
12786 18 799 66000 20400 train
17651 440 799 61200 28500 train
12798 1097 799 63000 22800 train
17226 7 799 44100 18000 train
17616 191 799 46200 50700 train
18048 1 799 25800 18000 train
17604 17 799 55800 18000 train
17643 440 1155 62400 34800 train
12738 165 1155 76500 27000 train
17209 18 1156 48000 31500 train
17203 1248 1156 15000 75600 train
12776 165 1156 74700 26400 train
17205 699 1156 61800 69600 train
12925 525 841 41700 60300 train
14888 1643 841 24300 21000 train
14095 950 841 20700 40200 train
12311 650 841 70800 16200 train
12005 398 841 62100 76800 train
12011 398 841 27600 42300 train
13008 953 841 75600 21000 train
52454 2094 841 65700 84000 train
52456 2094 841 37800 58200 train
52452 2094 841 63600 80700 train
72452 2094 841 59100 77700 train
15471 1431 995 18300 42900 train
13248 823 995 80700 76200 train
15928 1034 995 21600 63300 train
15666 1030 995 78300 14400 train
15670 1030 995 23400 43200 train
15667 496 995 47700 21600 train
15619 347 995 46800 45000 train
19709 757 995 84600 85200 train
12519 92 995 28200 15300 train
15606 1032 995 65700 18600 train
15643 732 995 80100 15600 train
15661 1189 995 74400 79200 train
15471 1431 995 18300 42900 train
13248 823 995 80700 76200 train
15928 1034 995 21600 63300 train
15666 1030 995 78300 14400 train
15670 1030 995 23400 43200 train
15667 496 995 47700 21600 train
15619 347 995 46800 45000 train
19709 757 995 84600 85200 train
12519 92 995 28200 15300 train
15606 1032 995 65700 18600 train
15643 732 995 80100 15600 train
15661 1189 995 74400 79200 train
15004 162 1647 81000 43500 train
22441 249 152 66600 78000 train
14724 1046 152 66300 40200 train
18203 685 152 70800 47100 train
12470 470 152 72600 53400 train
12452 398 152 85800 23400 train
12034 398 152 57300 75000 train
12943 480 152 70800 69000 train
24227 253 152 17700 41700 train
22441 249 153 66600 78000 train
14724 1046 153 66300 40200 train
18203 685 153 70800 47100 train
12470 470 153 72600 53400 train
12452 398 153 85800 23400 train
12034 398 153 57300 75000 train
12943 480 153 70800 69000 train
24227 253 153 17700 41700 train
16526 18 1102 78000 68400 train
12633 440 1102 63000 24600 train
15906 1034 1102 85500 36000 train
12642 397 1102 26400 31500 train
12665 650 1102 58200 42000 train
16318 470 1102 85500 78000 train
16861 84 1102 41400 11700 train
22621 1553 1102 74700 14700 train
12605 440 1079 56700 84300 train
16515 17 47 27000 82800 train
16523 17 47 73200 52500 train
15708 429 982 26100 72600 train
15714 535 982 51300 78000 train
15720 1427 982 60300 79500 train
18181 690 982 77700 51300 train
12448 397 949 72900 23700 train
19666 849 949 80400 70200 train
21108 253 949 63900 18900 train
22604 83 691 40500 70200 train
15716 759 873 39900 11700 train
12484 429 775 21300 66600 train
16315 18 775 62100 32400 train
19260 1248 775 19500 19800 train
16311 837 775 74400 19800 train
12218 779 775 32100 66600 train
12288 774 775 21000 68400 train
12777 7 775 24600 23400 train
12201 92 775 60900 84600 train
19262 1235 775 66000 66600 train
16561 17 775 55200 24600 train
12257 17 775 75600 45300 train
11049 355 209 71700 55500 train
16589 18 209 76500 49200 train
11046 350 209 50100 13500 train
11040 295 209 30000 45900 train
11040 296 209 30000 45900 train
15018 162 209 19800 45900 train
12148 397 209 21300 58800 train
11303 584 209 83400 81600 train
11403 289 209 54000 51300 train
11051 94 209 84900 22800 train
17415 1098 209 75600 59700 train
12320 390 526 61200 62400 train
19413 355 526 21900 54900 train
19608 759 526 69900 61200 train
12358 429 526 21300 40800 train
12495 837 526 19200 47700 train
15234 264 526 57000 11400 train
13112 785 526 75000 27000 train
12526 1034 526 37500 54000 train
23112 1406 526 82200 27000 train
15048 162 526 41400 15900 train
15050 162 526 28800 15900 train
15052 162 526 36600 15900 train
12518 883 526 75600 54000 train
12364 878 526 30600 70800 train
13152 470 526 68100 57000 train
13136 1412 526 45600 13500 train
11106 146 526 74400 78300 train
13160 978 526 52500 12000 train
13158 261 526 53400 13500 train
12326 854 526 25200 54900 train
12360 535 526 72600 18900 train
13146 1426 526 64200 20100 train
13156 1442 526 42900 13500 train
16328 1018 805 20700 13800 train
18518 179 805 72000 39600 train
12251 17 805 85200 16200 train
14044 785 1329 26400 51600 train
14041 950 1329 77400 21600 train
13009 650 1329 73800 21600 train
12060 397 752 48000 70800 train
22982 1665 752 66900 35100 train
19802 560 752 53100 84000 train
13237 535 752 42600 46500 train
13239 535 752 42600 46500 train
12076 1018 53 21600 46800 train
17023 165 797 27000 45000 train
17223 165 797 60300 77700 train
12353 650 891 29700 31200 train
15609 883 1671 79200 20700 train
12162 390 92 85800 81900 train
11070 249 92 58500 78000 train
11058 429 92 30600 13800 train
14314 770 92 38700 72000 train
12335 814 92 32400 72000 train
12154 138 92 66000 27000 train
12880 188 92 25200 48900 train
11060 258 92 19800 57900 train
11014 117 92 31500 52200 train
11066 264 92 47400 13200 train
11068 448 92 56100 78000 train
22104 448 92 86100 18000 train
11016 162 92 68400 15600 train
11056 162 92 23100 57900 train
12541 162 92 77700 14400 train
15018 162 92 19800 67200 train
15646 883 92 60300 72000 train
15648 883 92 54000 72000 train
12154 139 92 66000 27000 train
12172 740 92 67800 85500 train
12812 1179 92 34800 48900 train
12102 650 92 82500 20700 train
12152 650 92 76500 27000 train
12520 995 92 75000 64200 train
12520 995 92 75000 64200 train
12202 775 92 31800 53700 train
12108 692 92 81900 81900 train
11044 191 92 64800 20700 train
12620 1064 92 46200 23700 train
12118 122 92 30900 46800 train
22102 122 92 19500 35400 train
11062 261 92 57000 13200 train
12174 446 92 6600 21900 train
12146 732 92 77100 27000 train
22866 732 92 19800 48900 train
21068 450 92 58500 78000 train
18609 1189 92 75900 43500 train
13201 720 92 84600 41400 train
16346 1018 92 35400 66000 train
11072 253 92 57000 83100 train
12166 253 92 73200 78000 train
12168 253 92 37500 45000 train
22819 179 92 31500 39900 train
22847 179 92 30600 48900 train
12180 390 692 21000 42300 train
15203 547 692 73800 46800 train
15012 779 692 61500 33000 train
12531 162 692 21900 39600 train
15010 30 692 74400 34200 train
12107 92 692 59100 54600 train
15007 252 692 60000 20700 train
12103 67 692 58500 61800 train
12536 686 692 44400 18300 train
14215 249 156 21600 36900 train
12232 779 156 75000 30900 train
16093 236 156 18900 74100 train
11109 146 156 22200 43200 train
22454 738 156 17700 46800 train
12230 398 156 79800 24300 train
12234 398 156 84600 25800 train
12420 398 156 45000 77100 train
12004 398 156 22500 45000 train
12272 398 156 84600 25800 train
14203 253 156 58800 79500 train
14219 253 156 18600 41100 train
14227 253 156 17700 35400 train
14209 500 156 49500 69900 train
12539 17 156 39000 31800 train
15696 1786 1028 58500 40500 train
15469 1431 1028 14400 50400 train
15692 1764 1028 69300 24900 train
15694 1764 1028 35100 80700 train
17050 165 1890 81900 26100 train
17401 1098 1890 70800 19200 train
17212 17 1890 52200 23700 train
12450 779 2 5400 54000 train
12051 31 2 19500 57600 train
10216 59 2 54300 15600 train
22908 970 2 9600 19800 train
22688 779 191 27900 45900 train
12635 440 191 48000 77100 train
12637 440 191 76800 22800 train
22623 440 191 81900 31800 train
12688 774 191 24300 45900 train
12652 397 191 26400 13500 train
17615 799 191 21900 24300 train
11043 92 191 900 45000 train
19025 360 2012 19800 61560 train
13414 785 872 78600 26400 train
13484 785 872 78600 26400 train
13011 650 872 55500 82200 train
13465 650 872 54900 80400 train
14004 398 872 65100 85800 train
13416 535 872 78300 30000 train
13153 842 872 80100 22500 train
13426 360 872 46200 21600 train
16181 440 1556 73200 27900 train
29020 738 1140 69600 49200 train
15111 258 252 14400 33900 train
15103 162 252 57600 78300 train
15008 692 252 83100 47100 train
12537 261 252 72600 21600 train
22131 67 252 58500 69600 train
12601 236 1064 73500 44400 train
12685 236 1064 61200 30600 train
16627 236 1064 41400 15600 train
16859 440 1064 80100 78600 train
22610 117 1064 22800 49200 train
16688 470 1064 85500 81900 train
12619 92 1064 55200 37500 train
16606 1101 1064 7200 62400 train
16650 1101 1064 15600 73800 train
16855 84 1064 59700 35400 train
16347 1018 1064 74400 39300 train
16604 1018 1064 70200 28800 train
16629 1018 1064 66600 36300 train
12448 397 265 72900 30900 train
12117 92 122 54000 69900 train
22101 92 122 68400 84300 train
17064 165 122 65400 24300 train
12752 165 1157 85500 20700 train
15605 995 1032 71100 27000 train
15605 995 1032 71100 27000 train
12403 249 392 84600 29700 train
15107 258 392 18000 78900 train
12177 650 392 63900 73800 train
12084 117 1561 25200 49200 train
16232 26 1561 56700 25200 train
14163 249 738 63900 24000 train
22453 155 738 52200 81000 train
22453 156 738 52200 81000 train
29019 1140 738 50700 26700 train
12671 236 1122 76500 22500 train
11063 440 445 82800 30300 train
11048 7 72 82800 18900 train
14889 482 1672 3600 25200 train
15813 996 1803 69600 30600 train
14524 413 261 81900 85800 train
19039 525 261 81600 78600 train
13419 814 261 50700 75000 train
15002 774 261 55800 58200 train
14008 785 261 58800 66000 train
14018 785 261 58800 64500 train
12492 470 261 72600 85800 train
13157 526 261 75300 33300 train
11061 92 261 44100 81000 train
12538 252 261 28200 63600 train
19269 1235 261 54600 65400 train
19053 360 261 19800 16200 train
19051 480 261 70800 26100 train
15227 17 261 86100 14400 train
16209 759 26 20100 22800 train
17308 620 26 51000 49800 train
12614 18 26 54000 63000 train
16216 18 26 65700 76200 train
16558 18 26 41400 50400 train
16021 236 26 77400 25200 train
22682 236 26 84600 30900 train
12007 236 26 21600 46800 train
11035 31 26 77400 78000 train
12577 264 26 58200 84900 train
17302 6 26 73800 25200 train
12782 397 26 21300 17700 train
22817 650 26 58200 18000 train
16591 7 26 64800 34800 train
12976 757 26 70500 58800 train
16231 1561 26 63900 33600 train
16218 699 26 86100 22800 train
16536 94 26 52800 40500 train
6228 19 26 70200 25200 train
16205 19 26 52200 80100 train
16731 1130 26 59700 36600 train
16537 18 1101 83100 50400 train
12689 236 1101 65700 39900 train
12667 440 1101 67800 29100 train
16610 117 1101 73800 25500 train
16335 496 1101 19800 27600 train
16605 1064 1101 26400 83700 train
16649 1064 1101 17400 74100 train
11453 355 289 59700 44100 train
22111 127 289 20100 57600 train
22111 128 289 20100 57600 train
12855 687 289 57300 82800 train
11404 208 289 46200 45300 train
18239 1954 289 63900 19800 train
12923 560 289 77100 30300 train
12913 560 289 74100 30300 train
11404 209 289 46200 45300 train
12135 67 289 63600 33900 train
12113 67 289 63600 33900 train
12771 165 289 79200 29700 train
12422 429 336 52200 85500 train
12716 429 336 20100 57600 train
16594 18 336 81900 82500 train
12729 67 336 79200 36000 train
17613 67 336 79200 36000 train
18309 726 336 31800 52500 train
12486 953 336 53700 85500 train
18509 179 336 70200 52500 train
12325 526 854 27600 57600 train
17256 584 1904 78300 31200 train
17401 1098 1904 70800 21600 train
18201 685 1931 70800 80400 train
18205 685 1931 70800 80400 train
13141 842 881 49200 26100 train
13147 842 880 70500 33900 train
14211 390 398 21600 37200 train
12957 355 398 63900 27000 train
12016 759 398 56700 81600 train
12417 249 398 77400 24900 train
12275 249 398 81600 21900 train
12460 429 398 22500 51300 train
12498 429 398 54600 82200 train
12014 429 398 18000 40500 train
12030 429 398 60900 83100 train
12032 429 398 60900 83100 train
12627 18 398 69600 37800 train
12553 547 398 34200 23400 train
14315 770 398 17400 36300 train
12349 814 398 63000 46800 train
12001 140 398 53100 81900 train
12819 188 398 55800 75000 train
12281 188 398 29400 21900 train
12441 687 398 50400 38700 train
12229 155 398 79800 25800 train
12233 155 398 84600 27000 train
12419 155 398 19500 50400 train
12003 155 398 56100 79500 train
12271 155 398 84600 27000 train
12615 236 398 69300 22800 train
12621 236 398 79200 25200 train
12561 264 398 55500 45000 train
12565 264 398 30900 19800 train
12206 774 398 84600 18900 train
12018 774 398 61200 81900 train
12056 774 398 18600 40200 train
12235 1034 398 69900 49800 train
12423 2097 398 74100 36600 train
12435 2097 398 69600 49800 train
12397 347 398 52200 18000 train
12501 883 398 21600 46800 train
12249 650 398 67200 41100 train
12303 650 398 29100 26400 train
12323 650 398 67800 61200 train
12381 650 398 29700 26400 train
12273 650 398 46200 21900 train
12301 650 398 60900 35700 train
12305 650 398 50700 35700 train
12723 584 398 23100 32700 train
12401 925 398 58200 42300 train
12192 30 398 63900 42000 train
14682 426 398 15000 46200 train
12426 470 398 70800 18300 train
12006 841 398 22500 37500 train
12012 841 398 63900 78900 train
12451 152 398 85500 22800 train
12033 152 398 21600 40500 train
12451 153 398 85500 22800 train
12033 153 398 21600 40500 train
12229 156 398 79800 25800 train
12233 156 398 84600 27000 train
12419 156 398 19500 50400 train
12003 156 398 56100 79500 train
12271 156 398 84600 27000 train
14003 872 398 32700 52800 train
12523 874 398 29700 43800 train
22403 84 398 32700 14100 train
12801 732 398 78300 17400 train
12815 732 398 39300 61200 train
12875 732 398 39300 78000 train
12391 915 398 29400 18600 train
12825 1189 398 85200 75000 train
12439 1189 398 64500 39000 train
12453 1189 398 60000 39000 train
12877 1189 398 60000 39000 train
12393 720 398 63300 30900 train
12309 720 398 68400 27300 train
14324 656 398 51300 57600 train
12259 842 398 66600 41100 train
12313 842 398 60600 37200 train
12625 1018 398 40500 49200 train
12058 1615 398 18000 43200 train
12559 253 398 69300 27600 train
14257 253 398 49500 22200 train
19601 759 874 23400 66900 train
22611 236 874 39600 13500 train
13246 823 874 80700 44400 train
22309 650 874 83100 33600 train
12524 398 874 54600 66900 train
12343 842 874 79500 28800 train
12377 842 874 82500 32700 train
15724 1442 874 60300 21000 train
16349 1018 1861 81000 26700 train
16343 1018 1858 81000 28800 train
12183 140 446 69600 32700 train
14208 785 446 71400 30000 train
12173 92 446 59100 68100 train
14035 785 1488 81900 30000 train
14037 785 1488 28800 66000 train
12947 355 535 77400 16200 train
19049 525 535 56700 12600 train
12295 18 535 32400 33600 train
13347 642 535 64800 20400 train
22843 687 535 74100 49800 train
13329 350 535 83400 18900 train
13331 350 535 30300 61800 train
16309 59 535 61800 72900 train
16359 59 535 82800 35400 train
18622 1179 535 79500 44700 train
18626 1179 535 22200 56400 train
12023 650 535 50700 80100 train
19313 560 535 50400 60000 train
15713 982 535 22500 45600 train
12359 526 535 72000 19800 train
13238 752 535 55500 62400 train
13240 752 535 55500 62400 train
13415 872 535 73800 19800 train
12149 67 535 75300 14400 train
18449 732 535 49500 36000 train
17610 601 535 65400 12600 train
12366 1189 535 51900 80100 train
12567 768 535 25200 39600 train
15281 768 535 18000 37500 train
12791 165 535 36000 69000 train
23347 627 535 60600 20400 train
12741 1 535 64800 43800 train
19264 950 1235 30000 46500 train
12906 650 1235 82500 68400 train
19261 775 1235 39600 36900 train
19270 261 1235 54000 62400 train
19201 165 1235 54000 600 train
14308 770 309 62100 19800 train
12898 188 84 43200 48000 train
11005 31 84 77400 29100 train
12867 650 84 84600 31800 train
16862 1102 84 48900 19500 train
16856 1064 84 60600 36000 train
22404 398 84 85800 67500 train
12255 17 84 75600 28200 train
11095 355 67 59100 17100 train
11406 614 67 66600 47700 train
11089 482 67 20400 17100 train
22882 188 67 79800 18000 train
11091 493 67 30600 17100 train
11025 127 67 1500 43500 train
11025 128 67 1500 43500 train
12849 687 67 41700 35100 train
11034 264 67 61200 29100 train
11098 59 67 84600 18300 train
22149 59 67 18900 36600 train
11038 162 67 55800 14700 train
12264 397 67 39600 25800 train
22846 1179 67 72000 9900 train
12130 650 67 78900 24600 train
12222 650 67 30000 41700 train
17014 584 67 81900 47700 train
19312 560 67 52200 29400 train
12940 757 67 33300 29100 train
11078 470 67 78300 52500 train
12104 692 67 23400 29100 train
22132 252 67 16500 29100 train
12136 289 67 66900 35100 train
12114 289 67 66900 35100 train
12730 336 67 76800 33600 train
17614 336 67 76800 33600 train
12150 535 67 82500 19800 train
12158 94 67 23400 37800 train
12170 94 67 50400 65100 train
11087 472 67 28200 17100 train
12844 355 732 64800 32100 train
18406 355 732 64800 33900 train
18415 1959 732 33900 73500 train
14709 837 732 60000 36900 train
22860 236 732 58800 54600 train
18426 685 732 58200 34800 train
12993 496 732 81900 58500 train
15640 883 732 67500 12000 train
18478 740 732 21600 25200 train
18451 1179 732 57300 26100 train
12821 650 732 21600 52200 train
12837 650 732 81300 27000 train
12887 650 732 75300 21300 train
12895 650 732 75300 21300 train
18409 650 732 68400 17100 train
12881 650 732 75300 21300 train
18420 1412 732 17100 12000 train
18474 492 732 51300 44400 train
15644 995 732 85500 27900 train
15644 995 732 85500 27900 train
12145 92 732 74100 27900 train
22865 92 732 900 32700 train
12802 398 732 80400 19500 train
12816 398 732 23400 44400 train
12876 398 732 23400 61800 train
18450 535 732 32100 12000 train
18302 909 732 52200 26100 train
18303 726 732 21900 46500 train
18408 699 732 46800 82800 train
22828 360 732 30600 58500 train
17480 1098 732 38100 53700 train
22909 480 732 70800 36900 train
17609 535 601 83400 25800 train
12827 650 733 60600 80400 train
12865 650 733 30600 51300 train
22606 83 733 40500 83400 train
15716 759 1426 39900 12600 train
13145 526 1426 70200 24600 train
11067 92 450 19200 30000 train
12070 295 697 54000 79200 train
12070 296 697 54000 79200 train
12410 397 697 55500 68700 train
18209 1933 686 29400 42600 train
12535 692 686 52800 26100 train
13234 823 915 31500 45000 train
13039 650 915 73200 43800 train
12392 398 915 47700 36600 train
15110 253 915 74100 18300 train
16614 117 476 85500 68400 train
17018 165 476 54000 68400 train
18496 188 1553 43200 86100 train
16101 440 1553 78000 42300 train
16713 440 1553 61200 17100 train
22622 1102 1553 79200 19200 train
16779 1098 1553 47400 31500 train
14260 253 1553 76500 4500 train
15013 482 1575 23400 17700 train
15035 785 1575 57600 74400 train
15033 740 1575 66600 84900 train
14265 253 1575 30600 22500 train
12347 650 879 42900 56100 train
12373 842 879 32700 45900 train
13187 842 879 26700 44100 train
18632 759 1189 70200 15300 train
13404 814 1189 55800 18900 train
18604 814 1189 60900 20100 train
18617 650 1189 54300 82800 train
18627 650 1189 51900 79800 train
12019 650 1189 21900 47400 train
18606 1412 1189 71400 37200 train
15662 995 1189 45000 51300 train
15662 995 1189 45000 51300 train
18610 92 1189 57000 26700 train
12826 398 1189 25200 17700 train
12440 398 1189 58200 33000 train
12454 398 1189 58200 40800 train
12878 398 1189 58200 40800 train
12365 535 1189 21600 50100 train
18612 253 1189 53400 15300 train
15814 1800 996 67200 18300 train
19654 759 521 46800 75300 train
19328 849 521 4500 28800 train
14016 785 1354 58800 77400 train
15274 785 1354 62100 60300 train
13021 650 1354 56700 30600 train
18452 732 909 74100 48000 train
18301 726 909 23400 48000 train
12185 138 662 79200 28800 train
12185 139 662 79200 28800 train
11704 560 662 14400 81000 train
11451 30 662 61500 78000 train
14610 470 1622 66900 28800 train
14712 953 1622 15000 52200 train
12396 759 720 86100 83100 train
28624 642 720 58500 24900 train
18624 1179 720 68700 24900 train
19321 560 720 50400 61500 train
13251 925 720 38700 47700 train
12356 470 720 72600 83100 train
13202 92 720 80100 35700 train
12394 398 720 63000 27300 train
12310 398 720 62400 22200 train
14323 398 656 38100 45900 train
18106 188 688 49200 77400 train
18418 188 688 83100 30600 train
18110 470 688 52200 50700 train
14511 249 794 63600 42600 train
12204 429 768 16200 36600 train
23226 823 768 24300 49500 train
12568 535 768 45900 60300 train
15282 535 768 60900 81000 train
13163 842 768 72600 44100 train
13236 823 1357 18300 47100 train
12691 236 108 84600 34200 train
22831 650 108 57000 80700 train
11063 440 114 82800 23700 train
22803 650 726 75300 27900 train
18310 336 726 58500 72000 train
18304 732 726 55500 79800 train
18302 909 726 52200 74700 train
18312 253 726 53400 40500 train
11003 31 43 86100 43800 train
12988 759 842 46200 57300 train
13150 1431 842 60300 29700 train
12318 429 842 21300 54600 train
12380 429 842 39300 62700 train
12384 529 842 24300 38400 train
13106 257 842 32400 12900 train
12330 785 842 69000 62700 train
15658 883 842 81000 69900 train
12344 878 842 60300 21600 train
23142 878 842 47700 16500 train
13186 1412 842 57900 24900 train
13154 872 842 77700 19200 train
13142 881 842 42300 16500 train
13148 880 842 54900 18600 train
12260 398 842 71100 45000 train
12314 398 842 59400 36900 train
12378 874 842 75600 24300 train
12374 879 842 39600 52800 train
13188 879 842 50700 67500 train
13164 768 842 51600 26100 train
12316 849 842 1500 54600 train
13134 253 842 31200 39300 train
17234 719 165 7800 38700 train
17015 188 165 30900 27000 train
17038 837 165 56400 31800 train
17008 264 165 25200 79800 train
12589 162 165 23700 54600 train
12709 806 165 75600 27900 train
12705 1070 165 54000 78600 train
17201 1070 165 20700 49500 train
12514 883 165 23400 15600 train
12286 397 165 57000 50400 train
12438 397 165 57600 50400 train
12703 650 165 26700 34500 train
19713 757 165 75900 27000 train
12737 1155 165 73200 23700 train
12775 1156 165 72600 24900 train
17024 797 165 54000 71700 train
17224 797 165 21900 38700 train
17049 1890 165 73800 18300 train
17063 122 165 75600 32100 train
12751 1157 165 78300 13500 train
12772 289 165 79200 30300 train
12792 535 165 43500 77400 train
19202 1235 165 86100 37800 train
17017 476 165 18000 37800 train
17001 699 165 61800 33900 train
17036 822 165 53400 73200 train
12731 1098 165 60000 25500 train
12733 1098 165 66300 23100 train
12763 1098 165 61200 21000 train
12769 1098 165 54600 14700 train
12713 172 165 22200 42300 train
12805 179 165 22500 67500 train
12739 179 165 73800 29400 train
12736 17 165 75000 30900 train
12661 440 1120 72600 30000 train
24370 770 1467 43500 29100 train
13345 253 1467 51000 78300 train
16201 18 21 59400 78000 train
22601 236 699 36600 41400 train
12131 31 699 78300 13860 train
22894 650 699 52500 73800 train
17206 1156 699 22500 33300 train
16217 26 699 18900 41400 train
18407 732 699 80100 30300 train
17002 165 699 60000 33300 train
17208 172 699 37800 33300 train
22801 179 699 33000 44100 train
16302 1018 55 18000 45900 train
14525 413 953 18900 43200 train
12481 785 953 47400 74100 train
12455 950 953 81900 27000 train
13007 650 953 34500 25200 train
14887 841 953 77400 25200 train
12485 336 953 39600 80700 train
14711 1622 953 54000 9000 train
15691 1028 1764 72900 29700 train
15693 1028 1764 15900 63900 train
15817 1804 1814 75600 36300 train
15719 982 1427 22800 39600 train
52453 841 2094 21600 39900 train
52455 841 2094 43800 62400 train
52451 841 2094 19800 36900 train
72451 841 2094 18600 35400 train
14370 770 627 43500 27000 train
11651 30 627 54900 79800 train
23348 535 627 76500 38400 train
13345 253 627 51000 75300 train
17035 165 822 30000 49500 train
13155 526 1442 75300 39600 train
15723 874 1442 80100 37800 train
11052 208 94 86100 27900 train
11040 295 94 30000 33300 train
11040 296 94 30000 33300 train
11424 7 94 54000 83700 train
11052 209 94 86100 27900 train
16535 26 94 55800 48600 train
12157 67 94 64800 79200 train
12169 67 94 34200 48600 train
22134 17 94 75000 31200 train
11464 30 664 43200 65400 train
11466 30 664 36000 65400 train
14705 950 1644 25500 49800 train
19403 355 447 21900 43800 train
14014 785 447 58800 22200 train
12143 92 447 60000 71100 train
12935 525 360 24600 40200 train
19048 814 360 33300 67800 train
59230 1248 360 66600 26100 train
19046 258 360 32400 67800 train
29060 970 360 17700 53100 train
19060 971 360 17100 53100 train
19026 2012 360 69600 26100 train
13425 872 360 46200 17400 train
19054 261 360 70500 61500 train
22827 732 360 71100 12000 train
16227 18 19 82800 26100 train
7301 26 19 81000 26100 train
16206 26 19 21600 48900 train
15308 1716 1719 73500 33900 train
13352 778 690 21600 33000 train
18104 429 690 45300 78000 train
13512 529 690 32700 44700 train
18182 258 690 46200 24000 train
18184 823 690 21600 60600 train
13301 350 690 20100 40500 train
12813 650 690 63000 77100 train
18110 470 690 52200 37200 train
28182 982 690 54000 24000 train
12890 17 690 30600 68400 train
12075 52 1018 49200 75300 train
12623 236 1018 71100 41100 train
12695 236 1018 55500 27300 train
12697 236 1018 54900 23700 train
16723 440 1018 70500 43800 train
16303 59 1018 18000 35100 train
12511 162 1018 23700 63000 train
16341 1839 1018 12600 36300 train
12516 883 1018 23400 81000 train
12644 397 1018 21300 39900 train
12432 397 1018 39600 31200 train
17230 584 1018 43200 68100 train
16325 560 1018 60000 63000 train
16327 805 1018 70800 63000 train
12075 53 1018 49200 75300 train
16345 92 1018 42000 71100 train
16348 1064 1018 51600 17100 train
16603 1064 1018 63900 25500 train
16630 1064 1018 66000 32400 train
12626 398 1018 41400 52500 train
16350 1861 1018 74400 23100 train
16344 1858 1018 78300 23100 train
16301 55 1018 51600 79800 train
16333 472 1018 10800 19800 train
16177 440 332 81000 19800 train
16853 440 332 29700 59700 train
12663 650 332 58200 15900 train
22628 196 332 51300 72000 train
16105 440 1832 57900 30300 train
22619 687 196 29400 18000 train
12631 440 196 75000 30900 train
11021 31 196 77400 42300 train
22629 31 196 74400 38700 train
12998 970 196 76800 80400 train
16318 470 196 85500 66600 train
16688 470 196 85500 1800 train
22627 332 196 26100 46800 train
17406 337 1098 74700 77100 train
12766 614 1098 24900 24000 train
22617 18 1098 27600 49200 train
22871 188 1098 43200 33900 train
17481 687 1098 36300 59700 train
17416 208 1098 41700 31800 train
16053 236 1098 51000 63600 train
16057 236 1098 23100 34800 train
16203 236 1098 59700 72600 train
22616 117 1098 21600 49200 train
12708 397 1098 26400 77700 train
17429 584 1098 56100 24000 train
17416 209 1098 41700 31800 train
17402 1890 1098 68400 16500 train
17404 1904 1098 62400 16500 train
17479 732 1098 44700 59700 train
16780 1553 1098 57600 38100 train
12732 165 1098 72300 38100 train
12734 165 1098 65100 21900 train
12764 165 1098 66600 25200 train
12770 165 1098 63600 23700 train
17488 179 1098 50400 18000 train
12871 650 723 24900 73200 train
12693 440 1130 69300 25800 train
16612 117 1130 73800 22200 train
16732 26 1130 63900 40200 train
19944 355 849 82800 33600 train
12995 525 849 56700 32100 train
22901 525 849 84300 57300 train
12981 950 849 70800 28200 train
12963 397 849 68400 26400 train
19329 560 849 27000 69000 train
12992 757 849 50400 77400 train
19665 949 849 33000 24300 train
19327 521 849 60900 86340 train
12315 842 849 47400 10800 train
19058 253 1107 19200 42300 train
14310 774 519 21000 32700 train
12057 398 1615 52500 79800 train
19130 355 358 52500 62100 train
19110 355 480 65400 900 train
12912 740 480 67800 65700 train
19056 492 480 59400 33900 train
12944 152 480 28800 27300 train
12944 153 480 28800 27300 train
19052 261 480 70500 19200 train
22910 732 480 19800 71400 train
19167 355 253 75000 35400 train
19407 355 253 75600 20100 train
14236 770 253 56100 24600 train
14204 155 253 25200 48600 train
14220 155 253 46800 73500 train
14228 155 253 64200 84300 train
14266 774 253 66000 56700 train
14214 158 253 24600 49200 train
11107 387 253 74400 39000 train
12238 470 253 50400 46800 train
14854 492 253 35100 37800 train
14864 492 253 35100 30900 train
14866 492 253 35100 34200 train
24228 152 253 57600 84300 train
24228 153 253 57600 84300 train
21107 949 253 85200 39000 train
11071 92 253 45600 69900 train
12165 92 253 19200 25500 train
12167 92 253 2100 13800 train
14204 156 253 25200 48600 train
14220 156 253 46800 73500 train
14228 156 253 64200 84300 train
12560 398 253 68100 26700 train
14258 398 253 42000 17100 train
15109 915 253 84600 31200 train
14259 1553 253 82800 16800 train
55322 1575 253 75000 56700 train
18611 1189 253 72600 32100 train
18311 726 253 47100 32100 train
13133 842 253 76500 78000 train
23346 1467 253 18900 46800 train
13346 627 253 20700 46800 train
19057 1107 253 75900 4200 train
17311 236 1 49800 46800 train
12780 397 1 54300 23400 train
18047 650 1 84600 54000 train
6948 7 1 82800 23400 train
17603 799 1 75600 54300 train
12742 535 1 50400 35400 train
17309 17 1 53100 21600 train
19221 355 472 79200 23100 train
11088 67 472 71400 60600 train
16334 1018 472 56100 60600 train
12712 236 172 50700 76200 train
12077 236 172 25200 51300 train
17226 7 172 44100 10200 train
12714 165 172 58500 78600 train
17207 699 172 61800 55500 train
12717 179 172 45600 66900 train
12747 1070 588 20700 43800 train
22603 691 83 51000 81000 train
22605 733 83 38100 81000 train
14210 155 500 27000 47700 train
14210 156 500 27000 47700 train
18508 429 179 85500 85800 train
18411 188 179 25200 53700 train
22870 236 179 76200 37500 train
17239 1070 179 28800 64200 train
12722 397 179 82800 48600 train
12804 397 179 21300 62700 train
12808 397 179 31200 66600 train
12728 584 179 62100 21000 train
18517 805 179 59400 28200 train
22820 92 179 44700 53100 train
22848 92 179 900 19800 train
18510 336 179 58500 36900 train
12806 165 179 25800 70800 train
12740 165 179 72900 27000 train
17205 699 179 61800 17700 train
22802 699 179 69000 80400 train
17487 1098 179 75000 39300 train
12718 172 179 21900 43500 train
16501 355 17 64800 14400 train
19406 355 17 78000 22800 train
12254 814 17 48600 32700 train
12845 188 17 27000 40200 train
16518 51 17 59400 32100 train
16528 51 17 66300 27600 train
12540 155 17 72000 60000 train
12292 236 17 84600 21600 train
15902 1034 17 66600 43800 train
15015 162 17 23700 35100 train
15023 162 17 31500 40500 train
12630 397 17 31800 22800 train
12650 397 17 24300 69000 train
12835 1179 17 66300 18000 train
12863 650 17 74100 26100 train
12245 650 17 39600 57600 train
19301 560 17 75300 40500 train
17603 799 17 75600 37800 train
16516 47 17 19800 80700 train
16524 47 17 53700 32100 train
12258 775 17 61200 34200 train
16562 775 17 46200 16200 train
12252 805 17 28800 48600 train
12540 156 17 72000 60000 train
17211 1890 17 54900 35100 train
15228 261 17 26700 40800 train
12256 84 17 75600 28800 train
12735 165 17 69300 25800 train
22133 94 17 69600 25800 train
12889 690 17 66900 18000 train
17310 1 17 74700 41100 train
