SG 874 B737-800 1786 2141 59400 82200
SG 873 B737-800 1786 883 46800 50400
SG 872 B737-800 1786 2149 56400 69900
SG 872 B737-800 1786 2152 56400 60300
SG 874 B737-800 1786 2152 59400 62700
SG 874 B737-800 1786 2155 59400 74700
SG 528 B737-800 2137 2141 21300 33600
SG 285 B737-800 2137 2141 34500 41700
SG 345 B737-800 2137 2141 76800 88800
SG 281 B737-800 2137 2143 21000 29400
SG 917 B737-800 2137 2143 22200 34800
SG 913 B737-900 2137 2143 67800 78600
SG 206 B737-800 2137 2143 68700 83100
SG 281 B737-800 2137 2145 21000 35400
SG 104 B737-800 2137 785 23400 28500
SG 106 B737-800 2137 785 35100 40800
SG 106 B737-800 2137 785 36600 42000
SG 138 B737-800 2137 785 72000 77100
SG 137 B737-800 2137 2148 52500 58800
SG 528 B737-800 2137 883 21300 50700
SG 917 B737-800 2137 2149 22200 28500
SG 913 B737-900 2137 2149 67800 73500
SG 912 B737-900 2137 757 41100 45300
SG 528 B737-800 2137 2152 21300 44400
SG 104 B737-800 2137 2152 23400 38400
SG 528 B737-800 2137 2155 21300 24900
SG 142 B737-800 2137 2155 36900 40500
SG 206 B737-800 2137 2155 68700 72600
SG 345 B737-800 2137 2159 76800 82200
SG 2358 Q-400 2138 785 60600 66900
SG 2514 Q-400 2139 785 30300 35100
SG 2114 Q-400 2139 785 57300 62400
SG 2354 Q-400 2139 785 74700 79500
SG 152 B737-800 2139 2155 58500 67800
SG 151 B737-800 2139 2162 47400 51000
SG 162 B737-900 333 785 70800 77400
SG 324 B737-800 2140 2143 51600 65400
SG 885 B737-800 2140 785 38400 46200
SG 881 B737-800 2140 785 50400 66300
SG 881 B737-800 2140 883 50400 54000
SG 324 B737-800 2140 2152 51600 55200
SG 873 B737-800 2141 1786 22500 44400
SG 871 B737-800 2141 1786 36600 54600
SG 342 B737-800 2141 2137 21300 32700
SG 286 B737-800 2141 2137 43500 50700
SG 529 B737-800 2141 2137 70800 82800
SG 3301 Q-400 2141 74 27600 32700
SG 1073 Q-400 2141 52 45000 48300
SG 3004 Q-400 2141 2143 32700 37500
SG 3303 Q-400 2141 2143 39300 49800
SG 3232 Q-400 2141 2143 41100 44400
SG 1083 Q-400 2141 2143 45600 49500
SG 3306 Q-400 2141 2143 54600 58200
SG 3306 Q-400 2141 2143 61200 64800
SG 3307 Q-400 2141 2143 67500 71100
SG 3002 Q-400 2141 2143 78000 81900
SG 246 B737-800 2141 2144 55200 58800
SG 502 B737-800 2141 785 23700 33900
SG 503 B737-800 2141 785 27000 36600
SG 224 B737-800 2141 785 31500 41100
SG 229 B737-800 2141 785 57600 67200
SG 216 B737-800 2141 785 72900 83100
SG 245 B737-800 2141 2148 43200 47400
SG 873 B737-800 2141 883 22500 50400
SG 528 B737-800 2141 883 35700 50700
SG 1084 Q-400 2141 7 69600 74100
SG 871 B737-800 2141 2149 36600 40200
SG 1074 Q-400 2141 2149 55200 60000
SG 1088 Q-400 2141 2149 80100 84900
SG 873 B737-800 2141 2152 22500 39600
SG 528 B737-800 2141 2152 35700 44400
SG 871 B737-800 2141 2152 36600 49500
SG 524 B737-800 2141 2152 67200 76800
SG 1023 Q-400 2141 2154 32100 35400
SG 344 B737-800 2141 2154 36900 50400
SG 3231 Q-400 2141 2154 50400 53700
SG 873 B737-800 2141 2155 22500 27900
SG 344 B737-800 2141 2155 36900 42900
SG 110 B737-800 2141 2155 56100 62100
SG 529 B737-800 2141 2155 70800 77100
SG 3305 Q-400 2141 2156 44400 47400
SG 3305 Q-400 2141 2157 44400 47400
SG 1073 Q-400 2141 2157 45000 48600
SG 342 B737-800 2141 2159 21300 26700
SG 228 B737-800 2141 2159 79200 84300
SG 224 B737-800 2141 2162 31500 49800
SG 3307 Q-400 2141 2165 67500 78000
SG 1083 Q-400 2141 1130 45600 55800
SG 3303 Q-400 2141 2168 39300 43800
SG 1144 Q-400 2141 2169 29100 35400
SG 3302 Q-400 74 2141 33900 38100
SG 2227 Q-400 2142 785 30300 36900
SG 2226 Q-400 2142 785 72000 79200
SG 1063 Q-400 2142 2149 70200 80400
SG 1053 Q-400 2142 2149 74400 80400
SG 1063 Q-400 2142 2150 70200 73200
SG 1074 Q-400 52 2141 49500 53100
SG 3252 Q-400 52 2143 43800 48300
SG 3252 Q-400 52 2143 55200 60600
SG 1074 Q-400 52 2149 46500 52800
SG 2112 Q-400 779 785 30900 34800
SG 2116 Q-400 779 785 69600 73200
SG 152 B737-800 779 2155 58800 67800
SG 151 B737-800 779 2162 47400 51000
SG 106 B737-800 2143 2137 20100 33300
SG 106 B737-800 2143 2137 21000 34500
SG 282 B737-800 2143 2137 42600 51000
SG 916 B737-800 2143 2137 71700 83400
SG 323 B737-800 2143 2140 35700 49800
SG 3301 Q-400 2143 2141 22500 25800
SG 3013 Q-400 2143 2141 27600 31500
SG 3305 Q-400 2143 2141 38100 42000
SG 3231 Q-400 2143 2141 45600 49200
SG 3304 Q-400 2143 2141 51300 61800
SG 1084 Q-400 2143 2141 65100 68400
SG 3148 Q-400 2143 2141 72900 76800
SG 3301 Q-400 2143 74 22500 32700
SG 3251 Q-400 2143 52 37800 42600
SG 3251 Q-400 2143 52 48600 53700
SG 289 B737-800 2143 2144 28500 33300
SG 3241 Q-400 2143 2144 38400 43500
SG 3243 Q-400 2143 2144 68700 74400
SG 3012 Q-400 2143 2145 24900 30000
SG 281 B737-800 2143 2145 31500 35400
SG 324 B737-800 2143 2145 67200 70800
SG 208 B737-800 2143 785 18900 34200
SG 106 B737-800 2143 785 20100 40800
SG 106 B737-800 2143 785 21000 42000
SG 312 B737-900 2143 785 25500 34800
SG 304 B737-800 2143 785 42000 51600
SG 307 B737-800 2143 785 46500 56700
SG 306 B737-800 2143 785 60900 70500
SG 308 B737-800 2143 785 67800 78600
SG 325 B737-800 2143 785 73200 83100
SG 1011 Q-400 2143 2148 51000 58500
SG 321 B737-800 2143 883 19200 33900
SG 912 B737-900 2143 2149 25800 29700
SG 1261 Q-400 2143 2149 39600 43800
SG 272 B737-800 2143 2149 55800 60000
SG 1004 Q-400 2143 2149 63900 68700
SG 1012 Q-400 2143 2149 69600 74100
SG 916 B737-800 2143 2149 71700 75600
SG 1265 Q-400 2143 2149 77100 82500
SG 321 B737-800 2143 2152 19200 27900
SG 323 B737-800 2143 2152 35700 43800
SG 362 B737-800 2143 2153 23400 27000
SG 291 B737-800 2143 2153 30600 34200
SG 305 B737-800 2143 2153 48900 52200
SG 303 B737-800 2143 2153 61800 65400
SG 3231 Q-400 2143 2154 45600 53700
SG 106 B737-800 2143 2155 20100 27000
SG 106 B737-800 2143 2155 21000 27000
SG 273 B737-800 2143 2155 33900 40200
SG 145 B737-800 2143 2155 41700 48000
SG 276 B737-800 2143 2155 51000 57900
SG 296 B737-800 2143 2155 72600 78900
SG 917 B737-800 2143 2158 37200 44700
SG 917 B737-800 2143 2158 42300 50100
SG 208 B737-800 2143 2159 18900 24600
SG 349 B737-800 2143 2159 66300 72300
SG 3023 Q-400 2143 2161 50100 54300
SG 3165 Q-400 2143 2164 37800 42000
SG 3271 Q-400 2143 2165 21300 27900
SG 3307 Q-400 2143 2165 72300 78000
SG 3291 Q-400 2143 1130 26100 30900
SG 1083 Q-400 2143 1130 50700 55800
SG 3304 Q-400 2143 2168 51300 55800
SG 3277 Q-400 2143 2169 61800 68400
SG 245 B737-800 2144 2141 37500 41400
SG 287 B737-800 2144 2143 22500 26700
SG 3242 Q-400 2144 2143 64800 69900
SG 3244 Q-400 2144 2143 76200 81600
SG 112 B737-800 2144 785 40800 58800
SG 108 B737-800 2144 785 44400 59100
SG 214 B737-800 2144 785 50100 66900
SG 118 B737-900 2144 785 67200 83700
SG 108 B737-800 2144 2149 44400 49500
SG 1052 Q-400 2144 2149 77700 84300
SG 112 B737-800 2144 2155 40800 48000
SG 118 B737-900 2144 2155 67200 74400
SG 214 B737-800 2144 2159 50100 57300
SG 282 B737-800 2145 2137 37200 51000
SG 3022 Q-400 2145 2143 31800 36900
SG 282 B737-800 2145 2143 37200 40800
SG 284 B737-800 2145 2143 72600 76200
SG 234 B737-800 2145 785 37800 52200
SG 236 B737-800 2145 785 65400 79800
SG 234 B737-800 2145 2149 37800 42600
SG 236 B737-800 2145 2149 65400 70200
SG 2413 Q-400 774 785 40800 44700
SG 2325 Q-400 774 785 58800 62400
SG 142 B737-800 785 2137 29700 35100
SG 206 B737-800 785 2137 61500 66900
SG 148 B737-800 785 2137 68400 74100
SG 2356 Q-400 785 2138 54300 59400
SG 2410 Q-400 785 2139 23700 29100
SG 2113 Q-400 785 2139 51300 56100
SG 2352 Q-400 785 2139 69000 73500
SG 161 B737-900 785 333 62100 69000
SG 885 B737-800 785 2140 21000 35700
SG 881 B737-800 785 2140 40500 48300
SG 501 B737-800 785 2141 21900 32400
SG 223 B737-800 785 2141 44400 54300
SG 209 B737-800 785 2141 60900 70800
SG 509 B737-800 785 2141 74100 84300
SG 516 B737-800 785 2141 77100 87000
SG 2327 Q-400 785 2142 22200 28800
SG 2326 Q-400 785 2142 63300 69600
SG 2111 Q-400 785 779 25800 29700
SG 2115 Q-400 785 779 64500 68400
SG 301 B737-800 785 2143 23400 33300
SG 302 B737-800 785 2143 30600 40500
SG 305 B737-800 785 2143 36600 46800
SG 303 B737-800 785 2143 49800 60000
SG 206 B737-800 785 2143 61500 83100
SG 315 B737-800 785 2143 62400 70200
SG 309 B737-800 785 2143 69300 78900
SG 219 B737-800 785 2143 73500 88800
SG 131 B737-800 785 2144 21300 38100
SG 231 B737-800 785 2144 27600 42600
SG 217 B737-800 785 2144 31200 47400
SG 103 B737-900 785 2144 43200 61200
SG 211 B737-800 785 2145 20700 36000
SG 233 B737-800 785 2145 49500 63600
SG 2328 Q-400 785 774 36300 39600
SG 2223 Q-400 785 774 54300 57600
SG 2482 Q-400 785 2146 40200 43200
SG 2383 Q-400 785 2146 50100 54000
SG 2378 Q-400 785 2147 24000 33600
SG 253 B737-900 785 2148 39300 48600
SG 255 B737-900 785 2148 53700 62400
SG 885 B737-800 785 883 21000 30000
SG 881 B737-800 785 883 40500 54000
SG 893 B737-800 785 883 55200 63900
SG 211 B737-800 785 2149 20700 29400
SG 231 B737-800 785 2149 27600 35400
SG 233 B737-800 785 2149 49500 57300
SG 221 B737-800 785 2149 54600 62700
SG 239 B737-800 785 2149 70800 78600
SG 2327 Q-400 785 2150 22200 29100
SG 2326 Q-400 785 2150 63300 69600
SG 2441 Q-400 785 30 28800 35100
SG 133 B737-900 785 757 25200 28800
SG 851 B737-800 785 2151 31800 36600
SG 857 B737-800 785 2151 48600 53400
SG 104 B737-800 785 2152 30900 38400
SG 607 B737-800 785 2152 74100 82200
SG 411 B737-800 785 156 59400 63000
SG 417 B737-800 785 156 71100 75600
SG 303 B737-800 785 2153 49800 65400
SG 131 B737-800 785 2155 21300 27600
SG 151 B737-800 785 2155 21600 33600
SG 133 B737-900 785 2155 25200 36900
SG 2441 Q-400 785 2155 28800 43800
SG 142 B737-800 785 2155 29700 40500
SG 109 B737-800 785 2155 36600 44100
SG 103 B737-900 785 2155 43200 51000
SG 852 B737-800 785 2155 54600 62400
SG 206 B737-800 785 2155 61500 72600
SG 119 B737-900 785 2155 63600 70800
SG 864 B737-800 785 2155 66000 73500
SG 894 B737-800 785 2155 77100 84300
SG 217 B737-800 785 2159 31200 38700
SG 293 B737-800 785 2159 59100 66000
SG 219 B737-800 785 2159 73500 81000
SG 853 B737-900 785 2162 27000 32400
SG 261 B737-800 785 2162 30000 34500
SG 851 B737-800 785 2162 31800 40500
SG 868 B737-900 785 2162 38700 43200
SG 224 B737-800 785 2162 44400 49800
SG 863 B737-800 785 2162 51600 57000
SG 151 B737-800 785 360 21600 28500
SG 2437 Q-400 785 2166 38400 43800
SG 2378 Q-400 785 2167 24000 29700
SG 116 B737-800 785 2167 34500 39600
SG 114 B737-900 785 2167 49200 54300
SG 127 B737-800 785 2167 70200 75300
SG 221 B737-800 785 2169 54600 67800
SG 2384 Q-400 2146 785 44400 48300
SG 2385 Q-400 2146 785 55200 59400
SG 2378 Q-400 2147 785 34800 41700
SG 138 B737-800 2148 2137 60600 66600
SG 246 B737-800 2148 2141 49200 53400
SG 1012 Q-400 2148 2143 60000 67500
SG 254 B737-900 2148 785 50400 59400
SG 138 B737-800 2148 785 60600 77100
SG 256 B737-900 2148 785 64200 72600
SG 1072 Q-400 2148 2149 51300 56700
SG 1012 Q-400 2148 2149 60000 74100
SG 804 B737-900 2148 2152 60900 77700
SG 247 B737-900 2148 2155 48600 52800
SG 804 B737-900 2148 2155 60900 64800
SG 874 B737-800 883 1786 53100 56700
SG 529 B737-800 883 2137 52500 82800
SG 885 B737-800 883 2140 32100 35700
SG 529 B737-800 883 2141 52500 69000
SG 874 B737-800 883 2141 53100 82200
SG 322 B737-800 883 2143 66300 81300
SG 885 B737-800 883 785 32100 46200
SG 881 B737-800 883 785 56100 66300
SG 894 B737-800 883 785 65700 74700
SG 525 B737-800 883 2152 35700 39900
SG 529 B737-800 883 2152 52500 56700
SG 874 B737-800 883 2152 53100 62700
SG 322 B737-800 883 2152 66300 70500
SG 529 B737-800 883 2155 52500 77100
SG 874 B737-800 883 2155 53100 74700
SG 894 B737-800 883 2155 65700 84300
SG 525 B737-800 883 2158 35700 48900
SG 1088 Q-400 7 2141 75300 78900
SG 1088 Q-400 7 2149 75300 84900
SG 2452 Q-400 7 2155 52200 57000
SG 871 B737-800 2149 1786 42000 54600
SG 912 B737-900 2149 2137 31800 37800
SG 916 B737-800 2149 2137 77700 83400
SG 1031 Q-400 2149 2141 23100 27900
SG 1023 Q-400 2149 2141 25800 30600
SG 1073 Q-400 2149 2141 38400 43200
SG 872 B737-800 2149 2141 72900 76500
SG 1053 Q-400 2149 2142 61800 73200
SG 1063 Q-400 2149 2142 61800 69000
SG 1073 Q-400 2149 52 38400 45000
SG 1262 Q-400 2149 2143 21600 26400
SG 917 B737-800 2149 2143 30600 34800
SG 1011 Q-400 2149 2143 45000 49800
SG 1003 Q-400 2149 2143 57900 62700
SG 911 B737-800 2149 2143 61800 65700
SG 1264 Q-400 2149 2143 70500 76500
SG 913 B737-900 2149 2143 75300 78600
SG 231 B737-800 2149 2144 37500 42600
SG 1051 Q-400 2149 2144 70200 76500
SG 211 B737-800 2149 2145 31200 36000
SG 233 B737-800 2149 2145 59400 63600
SG 116 B737-800 2149 785 24300 31500
SG 226 B737-800 2149 785 37800 46500
SG 234 B737-800 2149 785 44400 52200
SG 108 B737-800 2149 785 51300 59100
SG 236 B737-800 2149 785 72000 79800
SG 1071 Q-400 2149 2148 44700 50100
SG 1011 Q-400 2149 2148 45000 58500
SG 1063 Q-400 2149 2150 61800 73200
SG 1053 Q-400 2149 2150 61800 69000
SG 912 B737-900 2149 757 31800 45300
SG 912 B737-900 2149 757 33000 40200
SG 871 B737-800 2149 2152 42000 49500
SG 3313 Q-400 2149 2153 33300 40500
SG 3313 Q-400 2149 2153 35400 42600
SG 1023 Q-400 2149 2154 25800 35400
SG 402 B737-800 2149 2155 77400 83700
SG 1022 Q-400 2149 2159 73800 79200
SG 1061 Q-400 2149 2160 34500 38400
SG 1041 Q-400 2149 2163 26400 30900
SG 1048 Q-400 2149 2163 61200 66300
SG 116 B737-800 2149 2167 24300 39600
SG 1001 Q-400 2149 2168 25500 28800
SG 401 B737-800 2149 2169 26100 30000
SG 221 B737-800 2149 2169 64500 67800
SG 1053 Q-400 2150 2142 70200 73200
SG 2227 Q-400 2150 785 30300 36900
SG 2226 Q-400 2150 785 71700 79200
SG 1053 Q-400 2150 2149 70200 80400
SG 1063 Q-400 2150 2149 74400 80400
SG 2452 Q-400 30 785 66600 72300
SG 2441 Q-400 30 2155 36300 43800
SG 913 B737-900 757 2137 61800 66000
SG 913 B737-900 757 2143 61800 78600
SG 218 B737-800 757 785 74400 77400
SG 913 B737-900 757 2149 61800 73500
SG 133 B737-900 757 2155 30600 36900
SG 912 B737-900 757 2159 47400 52800
SG 852 B737-800 2151 785 47400 51900
SG 858 B737-800 2151 785 55500 60300
SG 852 B737-800 2151 2155 47400 62400
SG 851 B737-800 2151 2162 38400 40500
SG 873 B737-800 2152 1786 41400 44400
SG 871 B737-800 2152 1786 51300 54600
SG 529 B737-800 2152 2137 60300 82800
SG 323 B737-800 2152 2140 45600 49800
SG 523 B737-800 2152 2141 26100 34500
SG 529 B737-800 2152 2141 60300 69000
SG 872 B737-800 2152 2141 62400 76500
SG 874 B737-800 2152 2141 64800 82200
SG 324 B737-800 2152 2143 57000 65400
SG 219 B737-800 2152 2143 61800 88800
SG 322 B737-800 2152 2143 72300 81300
SG 608 B737-800 2152 785 28800 36600
SG 219 B737-800 2152 785 61800 70500
SG 803 B737-900 2152 2148 30600 46800
SG 321 B737-800 2152 883 29700 33900
SG 873 B737-800 2152 883 41400 50400
SG 528 B737-800 2152 883 46200 50700
SG 883 B737-800 2152 883 59700 64500
SG 872 B737-800 2152 2149 62400 69900
SG 803 B737-900 2152 2155 30600 40800
SG 529 B737-800 2152 2155 60300 77100
SG 874 B737-800 2152 2155 64800 74700
SG 525 B737-800 2152 2158 41700 48900
SG 219 B737-800 2152 2159 61800 81000
SG 416 B737-800 156 785 24900 28500
SG 418 B737-800 156 785 27300 31500
SG 273 B737-800 2153 2143 28800 32100
SG 304 B737-800 2153 2143 36000 39300
SG 306 B737-800 2153 2143 54000 57600
SG 296 B737-800 2153 2143 67200 70800
SG 304 B737-800 2153 785 36000 51600
SG 3317 Q-400 2153 2149 60300 67500
SG 273 B737-800 2153 2155 28800 40200
SG 296 B737-800 2153 2155 67200 78900
SG 3232 Q-400 2154 2141 36600 39900
SG 341 B737-800 2154 2141 52200 65400
SG 3232 Q-400 2154 2143 36600 44400
SG 1024 Q-400 2154 2149 37500 43200
SG 1024 Q-400 2154 2149 54900 60600
SG 341 B737-800 2154 2155 52200 57600
SG 873 B737-800 2155 1786 29700 44400
SG 106 B737-800 2155 2137 29400 33300
SG 106 B737-800 2155 2137 29700 34500
SG 143 B737-800 2155 2137 75600 79500
SG 529 B737-800 2155 2137 79200 82800
SG 151 B737-800 2155 2139 36000 45300
SG 528 B737-800 2155 2141 27300 33600
SG 109 B737-800 2155 2141 46200 52200
SG 341 B737-800 2155 2141 59400 65400
SG 874 B737-800 2155 2141 76800 82200
SG 151 B737-800 2155 779 36000 45300
SG 291 B737-800 2155 2143 21900 28500
SG 275 B737-800 2155 2143 42300 49200
SG 146 B737-800 2155 2143 52800 61200
SG 274 B737-800 2155 2143 60300 67200
SG 206 B737-800 2155 2143 75600 83100
SG 131 B737-800 2155 2144 30900 38100
SG 103 B737-900 2155 2144 53400 61200
SG 851 B737-800 2155 785 21000 28500
SG 106 B737-800 2155 785 29400 40800
SG 106 B737-800 2155 785 29700 42000
SG 114 B737-900 2155 785 39300 46500
SG 863 B737-800 2155 785 42600 49800
SG 112 B737-800 2155 785 51300 58800
SG 2452 Q-400 2155 785 58500 72300
SG 110 B737-800 2155 785 63900 71700
SG 218 B737-800 2155 785 65400 77400
SG 152 B737-800 2155 785 69600 81900
SG 136 B737-900 2155 785 72900 80400
SG 118 B737-900 2155 785 76200 83700
SG 803 B737-900 2155 2148 43200 46800
SG 248 B737-900 2155 2148 55200 59100
SG 528 B737-800 2155 883 27300 50700
SG 873 B737-800 2155 883 29700 50400
SG 2441 Q-400 2155 7 45600 51000
SG 401 B737-800 2155 2149 19200 24000
SG 2452 Q-400 2155 30 58500 65400
SG 218 B737-800 2155 757 65400 72600
SG 851 B737-800 2155 2151 21000 36600
SG 528 B737-800 2155 2152 27300 44400
SG 873 B737-800 2155 2152 29700 39600
SG 804 B737-900 2155 2152 68100 77700
SG 291 B737-800 2155 2153 21900 34200
SG 344 B737-800 2155 2154 45000 50400
SG 2441 Q-400 2155 336 45600 49800
SG 851 B737-800 2155 2162 21000 40500
SG 151 B737-800 2155 2162 36000 51000
SG 151 B737-800 2155 2162 36000 51000
SG 863 B737-800 2155 2162 42600 57000
SG 152 B737-800 2155 360 69600 72900
SG 275 B737-800 2155 2165 42300 49200
SG 114 B737-900 2155 2167 39300 54300
SG 401 B737-800 2155 2169 19200 30000
SG 3306 Q-400 2156 2141 48600 51600
SG 2452 Q-400 336 2155 52200 57000
SG 3306 Q-400 2157 2141 48600 51600
SG 1074 Q-400 2157 2141 49800 53400
SG 272 B737-800 2158 2143 46500 53700
SG 272 B737-800 2158 2143 51900 60000
SG 883 B737-800 2158 883 50700 64500
SG 272 B737-800 2158 2149 46500 60000
SG 883 B737-800 2158 2152 50700 57600
SG 342 B737-800 2159 2137 28500 32700
SG 227 B737-800 2159 2141 24300 29700
SG 345 B737-800 2159 2141 84000 88800
SG 352 B737-800 2159 2143 27900 33900
SG 219 B737-800 2159 2143 82800 88800
SG 217 B737-800 2159 2144 40500 47400
SG 208 B737-800 2159 785 26400 34200
SG 214 B737-800 2159 785 59100 66900
SG 294 B737-800 2159 785 67800 75300
SG 1025 Q-400 2159 2149 80400 85200
SG 913 B737-900 2159 757 54600 60000
SG 1062 Q-400 2160 2149 39600 42900
SG 3024 Q-400 2161 2143 56100 60600
SG 152 B737-800 2162 2139 53400 56700
SG 209 B737-800 2162 2141 52500 70800
SG 152 B737-800 2162 779 53400 57000
SG 854 B737-900 2162 785 34200 39000
SG 262 B737-800 2162 785 36600 41700
SG 852 B737-800 2162 785 42900 51900
SG 869 B737-900 2162 785 45300 50700
SG 209 B737-800 2162 785 52500 57900
SG 864 B737-800 2162 785 58800 63900
SG 852 B737-800 2162 2151 42900 45600
SG 852 B737-800 2162 2155 42900 62400
SG 152 B737-800 2162 2155 53400 67800
SG 152 B737-800 2162 2155 53400 67800
SG 864 B737-800 2162 2155 58800 73500
SG 152 B737-800 360 785 74700 81900
SG 151 B737-800 360 2155 30300 33600
SG 1042 Q-400 2163 2149 32100 36600
SG 1022 Q-400 2163 2149 67800 72600
SG 1022 Q-400 2163 2159 67800 79200
SG 3166 Q-400 2164 2143 43200 47100
SG 3272 Q-400 2165 2143 29100 36000
SG 3308 Q-400 2165 2143 79200 84600
SG 276 B737-800 2165 2155 51000 57900
SG 1084 Q-400 1130 2141 57000 68400
SG 3292 Q-400 1130 2143 32100 37200
SG 1084 Q-400 1130 2143 57000 61800
SG 2436 Q-400 2166 785 45300 50700
SG 233 B737-800 2167 2145 41400 63600
SG 128 B737-800 2167 785 29400 34800
SG 2378 Q-400 2167 785 30900 41700
SG 233 B737-800 2167 785 41400 46200
SG 119 B737-900 2167 785 56100 60900
SG 2378 Q-400 2167 2147 30900 33600
SG 233 B737-800 2167 2149 41400 57300
SG 119 B737-900 2167 2155 56100 70800
SG 3304 Q-400 2168 2141 57000 61800
SG 3303 Q-400 2168 2143 45000 49800
SG 1002 Q-400 2168 2149 30000 33300
SG 1077 Q-400 2169 2141 36600 42600
SG 3278 Q-400 2169 2143 69600 75900
SG 226 B737-800 2169 785 32400 46500
SG 226 B737-800 2169 2149 32400 36000
SG 402 B737-800 2169 2149 70200 75000
SG 402 B737-800 2169 2155 70200 83700
S2 4851 B737 700 2137 2145 24000 37200
S2 4391 B737 700 2137 785 25800 30900
S2 4391 B737 700 2137 1034 25800 48600
S2 4391 B737 700 2137 883 25800 43800
S2 4324 B737 700 2137 2155 78900 83400
S2 4324 B737 800 2137 2155 78900 83100
S2 4652 B737 800 2140 2152 43800 47400
S2 4852 B737 700 2141 2137 76500 83700
S2 4238 B737 800 2141 779 42600 58500
S2 4238 B737 800 2141 779 46200 60900
S2 4606 B737 900 2141 2143 24600 27600
S2 4608 B737 900 2141 2143 70500 73500
S2 4851 B737 700 2141 2145 34200 37200
S2 4842 B737 700 2141 2145 66900 69900
S2 4653 B737 800 2141 785 28500 38100
S2 4607 B737 900 2141 785 35400 45000
S2 4238 B737 800 2141 785 42600 52200
S2 4238 B737 800 2141 785 46200 55500
S2 4844 B737 800 2141 2152 24000 36000
S2 4843 B737 700 2141 2152 44100 53400
S2 4843 B737 700 2141 2152 44400 53400
S2 4607 B737 900 2141 156 35400 51000
S2 4165 B737 900 2141 2155 43800 49500
S2 4165 B737 900 2141 2155 46800 52500
S2 4845 B737 800 2141 2155 78900 84900
S2 4165 B737 900 2141 289 43800 57900
S2 4165 B737 900 2141 289 46800 60300
S2 4235 B737 800 2141 2165 80100 84600
S2 4844 B737 800 2141 2169 24000 29100
S2 4626 B737 700 2142 2155 28500 34200
S2 4061 B737 800 188 785 32700 49800
S2 4061 B737 800 188 2152 32700 35700
S2 4061 B737 800 188 156 32700 44700
S2 4062 B737 800 188 2155 74100 80400
S2 4524 B737 800 52 2155 50100 56100
S2 4235 B737 800 779 2141 62700 77700
S2 4237 B737 800 779 785 29400 32100
S2 4235 B737 800 779 785 62700 65400
S2 4235 B737 800 779 2165 62700 84600
S2 4607 B737 900 2143 2141 30000 33000
S2 4609 B737 900 2143 2141 75900 78900
S2 4607 B737 900 2143 785 30000 45000
S2 4607 B737 900 2143 156 30000 51000
S2 4852 B737 700 2145 2137 71700 83700
S2 4843 B737 700 2145 2141 39000 41700
S2 4852 B737 700 2145 2141 71700 74100
S2 4646 B737 700 2145 2155 71100 78000
S2 4392 B737 700 785 2137 66900 72300
S2 4237 B737 800 785 2141 34500 43800
S2 4608 B737 900 785 2141 58800 68100
S2 4235 B737 800 785 2141 67800 77700
S2 4062 B737 800 785 188 51900 70800
S2 4236 B737 800 785 779 24300 27600
S2 4238 B737 800 785 779 55500 58500
S2 4238 B737 800 785 779 58200 60900
S2 4608 B737 900 785 2143 58800 73500
S2 4391 B737 700 785 1034 35400 48600
S2 4391 B737 700 785 883 35400 43800
S2 4108 B737 700 785 2151 33600 42600
S2 4623 B737 800 785 2152 33000 40500
S2 4062 B737 800 785 2152 51900 64800
S2 4282 B737 800 785 2152 74700 82800
S2 4607 B737 900 785 156 47400 51000
S2 4062 B737 800 785 156 51900 55800
S2 4062 B737 800 785 2155 51900 80400
S2 4107 B737 700 785 2155 57300 65100
S2 4623 B737 800 785 2158 33000 51000
S2 4853 B737 800 785 2159 59700 67200
S2 4855 B737 800 785 1189 40500 47400
S2 4855 B737 800 785 1189 43200 49500
S2 4108 B737 700 785 2162 33600 37800
S2 4235 B737 800 785 2165 67800 84600
S2 4392 B737 700 1034 2137 50400 72300
S2 4392 B737 700 1034 785 50400 64500
S2 4392 B737 700 1034 883 50400 53700
S2 4084 B737 800 1030 2152 56700 61500
S2 4017 B737 800 2148 2155 66900 71100
S2 4017 B737 700 2148 2155 66900 70800
S2 4392 B737 700 883 2137 55800 72300
S2 4392 B737 700 883 785 55800 64500
S2 4391 B737 700 883 1034 45600 48600
S2 4602 B737 700 2149 2155 54300 59100
S2 4456 B737 900 2149 2155 77100 82500
S2 4601 B737 700 2149 2163 43500 46800
S2 4107 B737 700 2151 785 45000 54600
S2 4107 B737 700 2151 2155 45000 65100
S2 4107 B737 700 2151 2162 45000 47700
S2 4651 B737 800 2152 2140 38100 42000
S2 4842 B737 700 2152 2141 55500 64500
S2 4845 B737 800 2152 2141 63900 76500
S2 4062 B737 800 2152 188 66900 70800
S2 4842 B737 700 2152 2145 55500 69900
S2 4315 B737 800 2152 785 22800 30600
S2 4061 B737 800 2152 785 38700 49800
S2 4543 B737 800 2152 785 64200 72300
S2 4083 B737 800 2152 1030 49500 54600
S2 4061 B737 800 2152 156 38700 44700
S2 4845 B737 800 2152 2155 63900 84900
S2 4062 B737 800 2170 2190 66900 80400
S2 4623 B737 800 2152 2158 43200 51000
S2 4845 B737 800 2152 2169 63900 69300
S2 4608 B737 900 156 2141 52800 68100
S2 4062 B737 800 156 188 58200 70800
S2 4608 B737 900 156 2143 52800 73500
S2 4061 B737 800 156 785 46500 49800
S2 4608 B737 900 156 785 52800 56400
S2 4062 B737 800 156 2152 58200 64800
S2 4062 B737 800 156 2155 58200 80400
S2 4323 B737 800 2155 2137 73200 76800
S2 4323 B737 700 2155 2137 73200 76800
S2 4844 B737 800 2155 2141 14400 20400
S2 4240 B737 900 2155 2141 35700 41100
S2 4240 B737 900 2155 2141 38700 44400
S2 4625 B737 700 2155 2142 20400 26400
S2 4061 B737 800 2155 188 22800 30900
S2 4523 B737 800 2155 52 42000 48300
S2 4645 B737 700 2155 2145 61500 68400
S2 4061 B737 800 2155 785 22800 49800
S2 4108 B737 700 2155 785 23700 31200
S2 4016 B737 700 2155 2148 60000 63900
S2 4016 B737 800 2155 2148 60000 64800
S2 4601 B737 700 2155 2149 36600 41400
S2 4455 B737 900 2155 2149 69600 74700
S2 4108 B737 700 2155 2151 23700 42600
S2 4844 B737 800 2155 2152 14400 36000
S2 4061 B737 800 2155 2152 22800 35700
S2 4061 B737 800 2155 156 22800 44700
S2 4239 B737 900 2155 289 21300 26400
S2 4239 B737 900 2155 289 24300 29400
S2 4165 B737 900 2155 289 52500 57900
S2 4165 B737 900 2155 289 54900 60300
S2 4377 B737 800 2155 2171 24600 30600
S2 4377 B737 800 2155 2171 25800 31800
S2 4379 B737 700 2155 2172 67800 71700
S2 4108 B737 700 2155 2162 23700 37800
S2 4601 B737 700 2155 2163 36600 46800
S2 4844 B737 800 2155 2169 14400 29100
S2 4240 B737 900 289 2141 28800 41100
S2 4240 B737 900 289 2141 31500 44400
S2 4240 B737 900 289 2155 28800 33300
S2 4240 B737 900 289 2155 31500 36300
S2 4166 B737 900 289 2155 62400 67200
S2 4543 B737 800 2158 785 53100 72300
S2 4543 B737 800 2158 2152 53100 60600
S2 4854 B737 800 2159 785 69000 76500
S2 4378 B737 800 2171 2155 33600 39600
S2 4380 B737 700 2172 2155 73500 77400
S2 4856 B737 800 1189 785 49500 55500
S2 4856 B737 800 1189 785 51600 57900
S2 4107 B737 700 2162 785 49800 54600
S2 4108 B737 700 2162 2151 40200 42600
S2 4107 B737 700 2162 2155 49800 65100
S2 4602 B737 700 2163 2149 48600 52200
S2 4601 B737 700 2163 2155 48600 54900
S2 4602 B737 700 2163 2155 48600 59100
S2 4653 B737 800 2165 2141 21900 26400
S2 4238 B737 800 2165 2141 36300 40200
S2 4238 B737 800 2165 779 36300 58500
S2 4653 B737 800 2165 785 21900 38100
S2 4238 B737 800 2165 785 36300 52200
S2 4845 B737 800 2169 2141 71100 76500
S2 4844 B737 800 2169 2152 30900 36000
S2 4845 B737 800 2169 2155 71100 84900
9W 2620 B737 800 1786 2152 44700 51300
9W 616 B7373-80 1786 2152 60900 64500
9W 2509 ATR-72 2137 2142 21000 25800
9W 2122 B7373-70 2137 785 51600 56100
9W 2513 ATR-72 2137 2150 22800 27300
9W 2509 ATR-72 2137 2152 21000 43500
9W 2513 ATR-72 2137 2152 22800 50400
9W 621 B7373-80 2137 2152 56100 72900
9W 2513 ATR-72 2137 156 22800 36300
9W 2122 B7373-70 2137 156 51600 62700
9W 338 B7373-80 2137 2155 26100 29700
9W 2417 B737 800 2137 2155 40200 44400
9W 621 B7373-80 2137 2155 56100 60300
9W 2004 B7373-80 2137 2155 67500 72000
9W 2513 ATR-72 2137 2181 22800 43200
9W 2509 ATR-72 2137 2171 21000 34200
9W 2874 ATR-72 2173 883 43800 48000
9W 2887 ATR-72 2173 2152 56400 62100
9W 2642 ATR-72 2139 785 30900 35700
9W 306 B7373-80 2139 785 36300 40200
9W 2792 B7373-70 2139 785 45900 49800
9W 2644 ATR-72 2139 785 74100 79200
9W 306 B7373-80 2139 2155 36300 50100
9W 383 B7373-80 333 2150 68700 71700
9W 314 B7373-80 333 2155 28800 31800
9W 383 B7373-80 333 2155 68700 79500
9W 2512 B7373-80 333 2155 74400 77400
9W 712 B7373-80 2140 785 54300 62700
9W 478 B737 800 2141 2137 25200 37200
9W 321 B737 2141 2137 0 41400
9W 390 B7373-80 2141 188 41100 48300
9W 2308 B7373-80 2141 2143 37500 41100
9W 391 B7373-80 2141 2143 59700 63300
9W 496 B7373-80 2141 2143 63600 66600
9W 2716 ATR-72 2141 2143 65100 68700
9W 2762 ATR-72 2141 2143 77400 81000
9W 2736 ATR-72 2141 2143 80100 84300
9W 2731 ATR-72 2141 2144 31800 36000
9W 407 B7373-80 2141 2144 62700 66300
9W 810 B7373-80 2141 785 25200 34500
9W 816 B7373-80 2141 785 58500 68100
9W 812 B7373-80 2141 785 67500 76800
9W 2351 ATR-72 2141 2148 43500 48900
9W 498 B7373-80 2141 2148 47400 51900
9W 495 B7373-80 2141 2148 51000 55200
9W 2363 B7373-80 2141 883 28800 43800
9W 2795 ATR-72 2141 2149 25200 30900
9W 2400 ATR-72 2141 2149 38400 44100
9W 2743 ATR-72 2141 2149 45900 51600
9W 2744 ATR-72 2141 2149 60600 66300
9W 2363 B7373-80 2141 2152 28800 36900
9W 2735 ATR-72 2141 2154 27000 30900
9W 2737 ATR-72 2141 2154 37800 41700
9W 2751 ATR-72 2141 2154 49200 53100
9W 2401 ATR-72 2141 2154 68400 72300
9W 478 B737 800 2141 2155 25200 37200
9W 412 B737 2141 2155 420 31800
9W 412 B7373-80 2141 2155 31800 37500
9W 321 B737 2141 2155 0 41400
9W 418 B737 2141 2155 0 57300
9W 448 B7373-80 2141 2155 66300 72600
9W 442 B737 2141 2155 0 73800
9W 2124 B7373-80 2141 2155 83400 89400
9W 445 B7373-80 2141 2159 31200 36000
9W 445 B7373-80 2141 2159 33300 38100
9W 445 B7373-80 2141 2159 42000 47100
9W 2364 B7373-80 2141 2159 76800 81600
9W 2400 ATR-72 2141 2171 38400 51600
9W 2745 ATR-72 2141 2165 60900 66600
9W 2795 ATR-72 2141 2168 25200 36600
9W 2392 B737 2174 2155 0 40200
9W 2510 ATR-72 2142 2137 75600 80700
9W 2651 ATR-72 2142 779 30900 43800
9W 2779 ATR-72 2142 2143 51000 66900
9W 2651 ATR-72 2142 785 30900 37200
9W 2655 ATR-72 2142 785 50700 63000
9W 2653 ATR-72 2142 785 76200 82800
9W 2779 ATR-72 2142 2149 51000 58800
9W 2509 ATR-72 2142 2152 28200 43500
9W 2655 ATR-72 2142 156 50700 56100
9W 2115 B737 2142 2155 120 76200
9W 2115 B7373-80 2142 2155 76200 81900
9W 2509 ATR-72 2142 2171 28200 34200
9W 391 B7373-80 188 2141 50100 57300
9W 391 B7373-80 188 2143 50100 63300
9W 2689 ATR-72 188 2152 42900 46500
9W 2682 ATR-72 188 2152 58200 63300
9W 2682 ATR-72 188 2181 58200 71100
9W 2536 ATR-72 493 2155 35100 41700
9W 340 B7373-80 493 2155 62100 66900
9W 2652 ATR-72 779 2142 62100 74400
9W 467 B7373-80 779 2143 43800 62100
9W 2658 ATR-72 779 785 45600 49500
9W 2652 ATR-72 779 785 62100 66000
9W 467 B7373-80 779 2155 43800 52200
9W 2735 ATR-72 2143 2141 21600 25200
9W 2761 ATR-72 2143 2141 26700 30000
9W 390 B7373-80 2143 2141 35700 38700
9W 495 B7373-80 2143 2141 45300 48300
9W 2309 B7373-80 2143 2141 62400 65100
9W 2780 ATR-72 2143 2142 32700 48600
9W 390 B7373-80 2143 188 35700 48300
9W 489 B7373-80 2143 779 23700 41700
9W 2729 ATR-72 2143 2144 20100 25800
9W 2729 ATR-72 2143 2144 23100 28500
9W 2702 ATR-72 2143 2144 51300 56700
9W 2702 ATR-72 2143 2144 53700 59100
9W 835 B7373-80 2143 2144 65400 69600
9W 2755 ATR-72 2143 2145 22200 27000
9W 2347 ATR-72 2143 2145 51900 57000
9W 766 B7373-70 2143 2145 65700 69300
9W 822 B7373-80 2143 785 21900 31200
9W 836 B7373-80 2143 785 30300 40500
9W 830 B7373-80 2143 785 63000 73200
9W 495 B7373-80 2143 2148 45300 55200
9W 2821 ATR-72 2143 2149 22800 28800
9W 2780 ATR-72 2143 2149 32700 38400
9W 2754 ATR-72 2143 2149 48300 54000
9W 2407 ATR-72 2143 2149 68400 74700
9W 2407 ATR-72 2143 2149 68400 74400
9W 2750 ATR-72 2143 2149 73500 79500
9W 2750 ATR-72 2143 2149 79200 84900
9W 2821 ATR-72 2143 2150 22800 45300
9W 2450 B7373-80 2143 2152 27300 35400
9W 842 B7373-80 2143 2152 75000 83100
9W 2341 ATR-72 2143 2153 24600 29400
9W 2343 ATR-72 2143 2153 38100 43200
9W 2727 ATR-72 2143 2153 59700 64500
9W 2723 ATR-72 2143 2153 66000 70800
9W 2723 ATR-72 2143 2153 67800 72900
9W 2735 ATR-72 2143 2154 21600 30900
9W 489 B7373-80 2143 2155 23700 30900
9W 466 B7373-80 2143 2155 28800 36900
9W 464 B7373-80 2143 2155 33300 40500
9W 2144 B737 2143 2155 0 41100
9W 488 B7373-80 2143 2155 43200 50100
9W 488 B7373-80 2143 2155 48300 55200
9W 468 B7373-80 2143 2155 64500 71400
9W 470 B7373-80 2143 2155 69000 75900
9W 466 B7373-80 2143 289 28800 43200
9W 613 B7373-80 2143 2158 36900 45000
9W 491 B7373-70 2143 2159 19500 25800
9W 2821 ATR-72 2143 2171 22800 36600
9W 2798 ATR-72 2143 2164 36000 40200
9W 2405 ATR-72 2143 2164 48000 52200
9W 2405 ATR-72 2143 2164 51600 55800
9W 2789 ATR-72 2143 2164 69300 73800
9W 2789 ATR-72 2143 2164 70200 74400
9W 2789 ATR-72 2143 2164 70500 74400
9W 844 B7373-80 2143 2165 48300 53700
9W 488 B7373-80 2143 2184 43200 56100
9W 488 B7373-80 2143 2184 48300 61500
9W 2701 ATR-72 2143 2169 35100 41400
9W 2701 ATR-72 2143 2169 37500 43800
9W 445 B7373-80 2144 2141 24900 29100
9W 445 B7373-80 2144 2141 27000 30900
9W 445 B7373-80 2144 2141 29700 33600
9W 2730 ATR-72 2144 2141 37800 42000
9W 2730 ATR-72 2144 2141 38400 42300
9W 836 B7373-80 2144 2143 24000 28200
9W 2701 ATR-72 2144 2143 27600 33000
9W 2701 ATR-72 2144 2143 30300 35700
9W 2734 ATR-72 2144 2143 58500 64500
9W 2734 ATR-72 2144 2143 59100 65100
9W 2734 ATR-72 2144 2143 60900 66300
9W 836 B7373-80 2144 785 24000 40500
9W 828 B7373-80 2144 785 51000 66600
9W 828 B7373-80 2144 2149 51000 56700
9W 406 B7373-80 2144 2155 32400 39000
9W 404 B7373-80 2144 2155 58800 66000
9W 445 B7373-80 2144 2159 24900 36000
9W 445 B7373-80 2144 2159 27000 38100
9W 445 B7373-80 2144 2159 29700 47100
9W 2701 ATR-72 2144 2169 27600 41400
9W 2701 ATR-72 2144 2169 30300 43800
9W 2765 ATR-72 2145 2143 28800 32700
9W 2348 ATR-72 2145 2143 58800 63900
9W 756 B7373-70 2145 2143 71700 75600
9W 2646 B737 2145 2155 120 72000
9W 2636 ATR-72 774 785 43200 46800
9W 334 B7373-80 774 785 53400 57300
9W 334 B7373-80 774 2155 53400 67500
9W 2121 B7373-70 785 2137 45000 49800
9W 2641 ATR-72 785 2139 24000 29100
9W 305 B7373-80 785 2139 30600 34500
9W 2791 B7373-70 785 2139 39300 43800
9W 2643 ATR-72 785 2139 67200 72300
9W 711 B7373-80 785 2140 43800 52200
9W 807 B7373-80 785 2141 25800 35100
9W 815 B7373-80 785 2141 44100 54000
9W 811 B7373-80 785 2141 65400 75300
9W 834 B7373-80 785 2141 74100 83100
9W 2654 ATR-72 785 2142 22800 29100
9W 2656 ATR-72 785 2142 36300 48900
9W 2652 ATR-72 785 2142 67800 74400
9W 2651 ATR-72 785 779 39600 43800
9W 2657 ATR-72 785 779 56100 60300
9W 821 B7373-80 785 2143 24600 34200
9W 835 B7373-80 785 2143 52500 63000
9W 739 B7373-80 785 2143 71400 80700
9W 827 B7373-80 785 2144 33600 48900
9W 835 B7373-80 785 2144 52500 69600
9W 2635 ATR-72 785 774 37500 41400
9W 307 B7373-80 785 774 48600 51300
9W 2647 ATR-72 785 2176 48600 55800
9W 827 B7373-80 785 2149 33600 41100
9W 2243 B7373-70 785 2149 70500 78900
9W 791 B7373-80 785 2150 23100 28500
9W 793 B7373-70 785 2150 67500 72900
9W 2249 ATR-72 785 757 25500 29100
9W 2625 ATR-72 785 757 67200 70800
9W 2475 ATR-72 785 2178 36900 42300
9W 2423 B7373-80 785 949 38400 47700
9W 2345 B7373-70 785 2180 18600 23700
9W 2345 B7373-70 785 2180 20400 25800
9W 303 B7373-80 785 156 18600 22500
9W 2244 B7373-70 785 156 32400 36300
9W 2656 ATR-72 785 156 36300 41700
9W 2122 B7373-70 785 156 59100 62700
9W 2763 ATR-72 785 156 65100 69900
9W 332 B7373-90 785 2155 26100 33300
9W 336 B7373-80 785 2155 29100 36600
9W 304 B7373-80 785 2155 30300 37800
9W 302 B7373-90 785 2155 35100 43500
9W 306 B7373-80 785 2155 42600 50100
9W 352 B7373-90 785 2155 50400 58200
9W 334 B7373-80 785 2155 59700 67500
9W 362 B7373-90 785 2155 62700 70800
9W 356 B7373-80 785 2155 67500 75300
9W 354 B7373-90 785 2155 71100 78900
9W 312 B7373-80 785 2155 74700 82500
9W 312 B737 785 2155 0 74700
9W 727 B7373-70 785 2181 38100 43200
9W 365 B7373-70 785 2159 27900 35400
9W 365 B7373-70 785 2159 30600 38100
9W 795 B7373-80 785 2159 50100 57900
9W 2531 B7373-70 785 2171 59400 65700
9W 603 B7373-80 785 2162 37500 42600
9W 611 B7373-70 785 2183 22200 27300
9W 336 B7373-80 785 2165 29100 46500
9W 2627 ATR-72 785 2166 19500 25800
9W 2629 ATR-72 785 2166 51300 57600
9W 2563 B7373-70 785 2184 52200 57900
9W 2423 B7373-80 785 2167 38400 42900
9W 2500 ATR-72 2175 2155 52500 62400
9W 2500 ATR-72 2175 2182 52500 55200
9W 2352 ATR-72 2148 2141 51000 57000
9W 499 B7373-80 2148 2141 53700 57600
9W 496 B7373-80 2148 2141 57300 61200
9W 496 B7373-80 2148 2143 57300 66600
9W 480 B737 800 2148 2155 26100 30300
9W 480 B7373-80 2148 2155 26100 30300
9W 476 B7373-80 2148 2155 49200 53100
9W 627 B7373-80 2148 2155 52800 56700
9W 474 B7373-80 2148 2155 58800 62700
9W 2648 ATR-72 2176 785 57600 65100
9W 616 B7373-80 883 1786 56400 59100
9W 2873 ATR-72 883 2173 49800 54000
9W 2364 B7373-80 883 2141 57000 73500
9W 626 B7373-80 883 2148 28200 50400
9W 2878 ATR-72 883 2177 31200 34800
9W 2363 B7373-80 883 2177 45900 49200
9W 2878 ATR-72 883 2179 31200 34800
9W 2363 B7373-80 883 2179 45900 49200
9W 626 B7373-80 883 2152 28200 32100
9W 620 B7373-80 883 2152 43500 47700
9W 616 B7373-80 883 2152 56400 64500
9W 2364 B7373-80 883 2152 57000 61500
9W 628 B7373-80 883 2152 67800 71700
9W 626 B7373-80 883 2155 28200 44100
9W 620 B7373-80 883 2155 43500 60000
9W 2364 B7373-80 883 2159 57000 81600
9W 2877 ATR-72 883 1764 41700 44700
9W 620 B7373-80 883 2184 43500 67500
9W 2742 ATR-72 2149 2141 30000 36000
9W 2741 ATR-72 2149 2141 53400 59100
9W 2401 ATR-72 2149 2141 60900 66600
9W 2740 ATR-72 2149 2141 69300 75000
9W 2780 ATR-72 2149 2142 40800 48600
9W 2749 ATR-72 2149 2143 25200 30600
9W 2779 ATR-72 2149 2143 60900 66900
9W 2822 ATR-72 2149 2143 63000 69000
9W 2408 ATR-72 2149 2143 76200 82200
9W 2408 ATR-72 2149 2143 76800 82500
9W 2822 ATR-72 2149 2143 77700 83700
9W 827 B7373-80 2149 2144 43500 48900
9W 2244 B7373-70 2149 785 22500 30000
9W 828 B7373-80 2149 785 59100 66600
9W 2821 ATR-72 2149 2150 30900 45300
9W 2244 B7373-70 2149 156 22500 36300
9W 2401 ATR-72 2149 2154 60900 72300
9W 349 B7373-80 2149 2155 27000 32100
9W 458 B737 2149 2155 0 36000
9W 452 B7373-80 2149 2155 65100 70500
9W 2315 ATR-72 2149 2159 60300 66900
9W 2574 ATR-72 2149 2159 77100 83400
9W 2821 ATR-72 2149 2171 30900 36600
9W 2400 ATR-72 2149 2171 45900 51600
9W 2759 ATR-72 2149 2160 45900 50400
9W 349 B7373-80 2149 2184 27000 38100
9W 2795 ATR-72 2149 2168 33000 36600
9W 2877 ATR-72 2177 883 36600 40200
9W 2364 B7373-80 2177 883 51000 54000
9W 2514 ATR-72 2150 2137 76200 81000
9W 2822 ATR-72 2150 2143 47100 69000
9W 2822 ATR-72 2150 2143 61500 83700
9W 792 B7373-80 2150 785 30300 35100
9W 794 B7373-70 2150 785 74700 80100
9W 794 B7373-70 2150 785 75000 80100
9W 2822 ATR-72 2150 2149 47100 61200
9W 2822 ATR-72 2150 2149 61500 75900
9W 2513 ATR-72 2150 2152 29100 50400
9W 2513 ATR-72 2150 156 29100 36300
9W 382 B7373-80 2150 2155 30000 34500
9W 2622 B7373-80 2150 2155 44100 48900
9W 2105 B7373-80 2150 2155 49800 54600
9W 2388 B737 2150 2155 0 60600
9W 383 B7373-80 2150 2155 74700 79500
9W 2386 B737 2150 2155 0 75300
9W 2513 ATR-72 2150 2181 29100 43200
9W 2821 ATR-72 2150 2159 47100 52500
9W 2368 B7373-80 2150 2159 57600 61500
9W 2822 ATR-72 2150 2171 47100 53700
9W 2822 ATR-72 2150 2171 61500 68100
9W 2250 ATR-72 757 785 30600 34500
9W 2626 ATR-72 757 785 72600 76200
9W 2056 B7373-80 757 2155 28800 34800
9W 2054 B737 757 2155 0 77100
9W 2476 ATR-72 2178 785 44100 49500
9W 316 B7373-80 2178 2155 47100 51900
9W 2877 ATR-72 2179 883 36600 40200
9W 2364 B7373-80 2179 883 51000 54000
9W 2624 B7373-80 2179 2152 57300 61800
9W 2424 B7373-80 949 785 49500 59700
9W 2424 B7373-80 949 2167 49500 52500
9W 2619 B7373-80 2152 1786 39000 42900
9W 2619 B7373-80 2152 1786 46200 49800
9W 2514 ATR-72 2152 2137 52500 81000
9W 2510 ATR-72 2152 2137 59100 80700
9W 2871 ATR-72 2152 2173 36600 42000
9W 2364 B7373-80 2152 2141 64500 73500
9W 2510 ATR-72 2152 2142 59100 73800
9W 2688 ATR-72 2152 188 36000 41100
9W 2687 ATR-72 2152 188 50700 55800
9W 844 B7373-80 2152 2143 38400 46200
9W 841 B7373-80 2152 2143 64500 72600
9W 626 B7373-80 2152 2148 34500 50400
9W 2484 B7373-80 2152 883 22200 26400
9W 619 B7373-80 2152 883 36900 41100
9W 2363 B7373-80 2152 883 39300 43800
9W 2619 B7373-80 2152 883 46200 54300
9W 2482 B7373-80 2152 883 60600 65700
9W 2514 ATR-72 2152 2150 52500 74400
9W 2623 B7373-80 2152 2179 49500 55500
9W 2514 ATR-72 2152 156 52500 64800
9W 618 B7373-80 2152 2155 21900 31200
9W 618 B7373-80 2152 2155 22200 32100
9W 626 B7373-80 2152 2155 34500 44100
9W 620 B7373-80 2152 2155 49800 60000
9W 624 B737 2152 2155 0 57300
9W 616 B7373-80 2152 2155 66600 75900
9W 628 B7373-80 2152 2155 74400 84300
9W 2685 ATR-72 2152 2181 21000 26100
9W 2514 ATR-72 2152 2181 52500 57900
9W 2682 ATR-72 2152 2181 65700 71100
9W 618 B7373-80 2152 2159 21900 36300
9W 618 B7373-80 2152 2159 22200 37800
9W 2364 B7373-80 2152 2159 64500 81600
9W 2510 ATR-72 2152 2171 59100 66300
9W 2856 ATR-72 2152 1189 25800 28800
9W 2861 ATR-72 2152 1189 45900 50100
9W 2858 ATR-72 2152 1189 66300 69900
9W 2875 ATR-72 2152 1764 18900 24900
9W 844 B7373-80 2152 2165 38400 53700
9W 620 B7373-80 2152 2184 49800 67500
9W 2893 ATR-72 2152 2167 54300 60600
9W 2346 B7373-70 2180 785 25500 30300
9W 2346 B7373-70 2180 785 27900 32100
9W 2121 B7373-70 156 2137 38100 49800
9W 2514 ATR-72 156 2137 66900 81000
9W 2656 ATR-72 156 2142 43500 48900
9W 304 B7373-80 156 785 24300 28200
9W 2121 B7373-70 156 785 38100 42600
9W 2655 ATR-72 156 785 57900 63000
9W 2243 B7373-70 156 785 64500 68100
9W 2764 ATR-72 156 785 72000 77400
9W 2243 B7373-70 156 2149 64500 78900
9W 2514 ATR-72 156 2150 66900 74400
9W 2513 ATR-72 156 2152 38100 50400
9W 304 B7373-80 156 2155 24300 37800
9W 348 B7373-80 156 2155 46800 53400
9W 2513 ATR-72 156 2181 38100 43200
9W 2342 ATR-72 2153 2143 31200 36000
9W 2344 ATR-72 2153 2143 45000 50100
9W 2728 ATR-72 2153 2143 66900 71700
9W 2724 ATR-72 2153 2143 72600 77400
9W 2724 ATR-72 2153 2143 74700 79500
9W 2400 ATR-72 2154 2141 32700 36600
9W 2738 ATR-72 2154 2141 43500 47100
9W 2752 ATR-72 2154 2141 54900 58800
9W 2736 ATR-72 2154 2141 74100 78300
9W 2736 ATR-72 2154 2143 74100 84300
9W 2400 ATR-72 2154 2149 32700 44100
9W 436 B7373-80 2154 2155 30900 37500
9W 434 B737 800 2154 2155 40800 45900
9W 434 B7373-80 2154 2155 40800 45900
9W 432 B737 800 2154 2155 54900 59700
9W 432 B737 800 2154 2155 54900 59700
9W 2400 ATR-72 2154 2171 32700 51600
9W 2001 B7373-80 2155 2137 16800 21000
9W 478 B737 800 2155 2137 33300 37200
9W 321 B737 2155 2137 0 50100
9W 2003 B7373-80 2155 2137 60900 65100
9W 305 B7373-80 2155 2139 20700 34500
9W 313 B7373-80 2155 333 23100 26400
9W 383 B7373-80 2155 333 62400 66000
9W 317 B7373-80 2155 333 69000 72600
9W 411 B737 2155 2141 420 23700
9W 411 B7373-80 2155 2141 23700 29400
9W 342 B737 2155 2141 0 32400
9W 2417 B737 2155 2141 0 47400
9W 2417 B737 2155 2141 120 49200
9W 2105 B7373-80 2155 2141 57300 63300
9W 483 B737 2155 2141 0 65100
9W 477 B7373-80 2155 2141 73200 79200
9W 2391 B737 2155 2174 0 33000
9W 2115 B7373-80 2155 2142 62100 74400
9W 2115 B737 2155 2142 120 62100
9W 2535 ATR-72 2155 493 26100 32700
9W 339 B7373-80 2155 493 55500 60300
9W 489 B7373-80 2155 779 33000 41700
9W 463 B7373-80 2155 2143 23700 30900
9W 465 B7373-80 2155 2143 26400 33600
9W 346 B737 2155 2143 0 32100
9W 481 B7373-80 2155 2143 52200 59100
9W 481 B7373-80 2155 2143 52200 59700
9W 467 B7373-80 2155 2143 54600 62100
9W 487 B7373-80 2155 2143 73800 80700
9W 2143 B7373-80 2155 2143 78300 85500
9W 405 B7373-80 2155 2144 22800 30300
9W 403 B7373-80 2155 2144 48900 56400
9W 2645 B737 2155 2145 120 63300
9W 307 B7373-80 2155 774 38100 51300
9W 303 B7373-80 2155 785 8400 16200
9W 305 B7373-80 2155 785 20700 28200
9W 301 B7373-90 2155 785 25200 32700
9W 333 B7373-80 2155 785 28800 36000
9W 331 B7373-90 2155 785 35700 43500
9W 307 B7373-80 2155 785 38100 45600
9W 351 B7373-90 2155 785 48900 56700
9W 2207 B737 2155 785 0 57300
9W 353 B7373-90 2155 785 61200 68700
9W 311 B737 2155 785 0 64200
9W 311 B7373-80 2155 785 64200 72000
9W 309 B7373-80 2155 785 70200 78600
9W 361 B7373-90 2155 785 73200 81000
9W 2500 ATR-72 2155 2175 46800 50700
9W 479 B737 800 2155 2148 20400 24000
9W 479 B7373-80 2155 2148 20400 24000
9W 475 B7373-80 2155 2148 43500 47400
9W 626 B7373-80 2155 2148 46500 50400
9W 473 B7373-80 2155 2148 52500 56700
9W 2484 B7373-80 2155 883 9900 26400
9W 619 B7373-80 2155 883 24600 41100
9W 453 B7373-80 2155 2149 19800 24600
9W 457 B737 2155 2149 0 26400
9W 459 B7373-80 2155 2149 51600 57900
9W 381 B7373-80 2155 2150 23100 28200
9W 464 B7373-80 2155 2150 42900 48000
9W 2621 B7373-80 2155 2150 51300 55500
9W 2387 B737 2155 2150 0 54300
9W 383 B7373-80 2155 2150 62400 71700
9W 2385 B737 2155 2150 0 67800
9W 2055 B7373-80 2155 757 20700 27000
9W 2053 B737 2155 757 0 69300
9W 315 B7373-80 2155 2178 39900 45300
9W 2484 B7373-80 2155 2152 9900 19500
9W 619 B7373-80 2155 2152 24600 34500
9W 615 B7373-80 2155 2152 27300 36600
9W 615 B7373-80 2155 2152 27300 36900
9W 623 B737 2155 2152 0 44700
9W 621 B7373-80 2155 2152 63000 72900
9W 617 B7373-80 2155 2152 69000 78600
9W 303 B7373-80 2155 156 8400 22500
9W 347 B7373-80 2155 156 36900 45000
9W 433 B7373-80 2155 2154 33000 38100
9W 433 B737 800 2155 2154 33000 38100
9W 431 B737 800 2155 2154 48300 53100
9W 431 B737 800 2155 2154 48300 53100
9W 435 B7373-80 2155 2154 74400 78300
9W 466 B7373-80 2155 289 38700 43200
9W 2175 B737 2155 289 0 64200
9W 2175 B737 2155 289 120 67800
9W 2500 ATR-72 2155 2182 46800 55200
9W 618 B7373-80 2155 2159 33600 36300
9W 618 B7373-80 2155 2159 35100 37800
9W 2115 B737 2155 2171 120 62100
9W 2115 B7373-80 2155 2171 62100 68700
9W 2397 B737 2155 2172 0 18900
9W 2079 B737 2155 2172 0 50700
9W 336 B7373-80 2155 2165 39000 46500
9W 2093 B737 2155 2166 0 19500
9W 2073 ATR-72 2155 2166 64500 71400
9W 341 B7373-80 2155 2184 20100 24000
9W 349 B7373-80 2155 2184 34500 38100
9W 488 B7373-80 2155 2184 53100 56100
9W 488 B7373-80 2155 2184 57900 61500
9W 620 B7373-80 2155 2184 63900 67500
9W 338 B737 2155 2169 0 32100
9W 481 B7373-80 289 2155 45000 49800
9W 2176 B737 289 2155 0 72300
9W 2176 B737 289 2155 120 74700
9W 2514 ATR-72 2181 2137 59700 81000
9W 728 B7373-70 2181 785 45000 51000
9W 2514 ATR-72 2181 2150 59700 74400
9W 2686 ATR-72 2181 2152 29400 34200
9W 2513 ATR-72 2181 2152 45000 50400
9W 2683 ATR-72 2181 2152 72900 78000
9W 2514 ATR-72 2181 156 59700 64800
9W 2500 ATR-72 2182 2155 57000 62400
9W 614 B7373-80 2158 2143 47100 55200
9W 614 B7373-80 2158 2143 52200 60900
9W 2363 B7373-80 2158 2159 20400 25800
9W 446 B7373-80 2158 2159 38100 42900
9W 446 B7373-80 2158 2159 40200 45000
9W 446 B7373-80 2159 2141 49500 54600
9W 492 B7373-70 2159 2143 40200 46500
9W 2822 ATR-72 2159 2143 54300 83700
9W 366 B7373-70 2159 785 27900 35700
9W 796 B7373-80 2159 785 39900 47700
9W 2363 B7373-80 2159 883 20400 43800
9W 2573 ATR-72 2159 2149 21900 27600
9W 2822 ATR-72 2159 2149 54300 75900
9W 2316 ATR-72 2159 2149 68700 75300
9W 2367 B7373-80 2159 2150 38400 42300
9W 2822 ATR-72 2159 2150 54300 59700
9W 2363 B7373-80 2159 2152 20400 36900
9W 617 B7373-80 2159 2152 63600 78600
9W 617 B7373-80 2159 2155 63600 66300
9W 2822 ATR-72 2159 2171 54300 68100
9W 2510 ATR-72 2171 2137 68100 80700
9W 2401 ATR-72 2171 2141 53400 66600
9W 2510 ATR-72 2171 2142 68100 73800
9W 2115 B737 2171 2142 120 70500
9W 2115 B7373-80 2171 2142 70500 74400
9W 2822 ATR-72 2171 2143 55500 69000
9W 2822 ATR-72 2171 2143 69900 83700
9W 2532 B7373-70 2171 785 68100 74700
9W 2401 ATR-72 2171 2149 53400 59100
9W 2822 ATR-72 2171 2149 55500 61200
9W 2822 ATR-72 2171 2149 69900 75900
9W 2821 ATR-72 2171 2150 38400 45300
9W 2509 ATR-72 2171 2152 36000 43500
9W 2401 ATR-72 2171 2154 53400 72300
9W 2115 B737 2171 2155 120 70500
9W 2115 B7373-80 2171 2155 70500 81900
9W 2760 ATR-72 2160 2149 52200 57600
9W 2398 B737 2172 2155 0 24600
9W 2080 B737 2172 2155 0 56700
9W 2857 ATR-72 1189 2152 30600 34800
9W 2862 ATR-72 1189 2152 53100 57300
9W 2859 ATR-72 1189 2152 71700 75900
9W 2878 ATR-72 1764 883 26400 29400
9W 2876 ATR-72 1764 2152 46500 52500
9W 604 B7373-80 2162 785 45000 50100
9W 612 B7373-70 2183 785 31800 36900
9W 2799 ATR-72 2164 2143 42000 45900
9W 2406 ATR-72 2164 2143 54000 57900
9W 2406 ATR-72 2164 2143 57600 61200
9W 2790 ATR-72 2164 2143 75600 79500
9W 2790 ATR-72 2164 2143 76200 80100
9W 2746 ATR-72 2165 2141 68400 75000
9W 2450 B7373-80 2165 2143 20700 25200
9W 2450 B7373-80 2165 2152 20700 35400
9W 337 B7373-80 2165 2155 48900 57000
9W 2628 ATR-72 2166 785 27600 33300
9W 2630 ATR-72 2166 785 59400 65400
9W 2094 B737 2166 2155 0 26100
9W 2074 ATR-72 2166 2155 73200 80400
9W 2564 B7373-70 2184 785 59700 65100
9W 342 B7373-80 2184 2155 25800 30000
9W 345 B7373-80 2184 2155 39900 43800
9W 350 B7373-80 2184 2155 57900 61500
9W 350 B7373-80 2184 2155 63600 66300
9W 344 B7373-80 2184 2155 69300 73500
9W 2424 B7373-80 2167 785 54600 59700
9W 2423 B7373-80 2167 949 44700 47700
9W 2894 ATR-72 2167 2152 62400 68700
9W 2796 ATR-72 2168 2149 38400 42300
9W 2702 ATR-72 2169 2143 43200 49500
9W 2702 ATR-72 2169 2143 45600 51900
9W 2702 ATR-72 2169 2144 43200 56700
9W 2702 ATR-72 2169 2144 45600 59100
9W 2110 B737 2169 2155 0 41100
6E 236 A320 1786 785 36900 50400
6E 458 A320 1786 883 56400 59700
6E 458 A320 1786 2149 56400 78300
6E 358 A320 1786 2177 49200 52500
6E 236 A320 1786 2152 36900 40200
6E 366 A320 1786 2152 46200 49800
6E 358 A320 1786 2152 49200 58800
6E 362 A320 1786 2152 55200 58800
6E 155 A320 2137 2141 33000 40500
6E 153 A320 2137 2141 73200 80400
6E 434 A320 2137 779 20700 35100
6E 238 A320 2137 2143 35400 43800
6E 238 A320 2137 2143 40500 48900
6E 244 A320 2137 2144 35700 48600
6E 158 A320 2137 785 24600 29700
6E 154 A320 2137 785 32400 37500
6E 136 A320 2137 785 51900 70800
6E 162 A320 2137 785 61200 66600
6E 162 A320 2137 785 66000 71100
6E 166 A320 2137 785 71400 76800
6E 161 A320 2137 2148 45600 51600
6E 161 A320 2137 2148 50700 56400
6E 371 A320 2137 2149 71700 77700
6E 237 A320 2137 757 61500 65700
6E 135 A320 2137 2152 54000 63000
6E 237 A320 2137 2152 61500 76200
6E 162 A320 2137 156 61200 72600
6E 162 A320 2137 156 66000 77100
6E 434 A320 2137 2155 20700 24600
6E 242 A320 2137 2155 30600 34500
6E 242 A320 2137 2155 31200 35400
6E 244 A320 2137 2155 35700 39900
6E 473 A320 2137 2155 52200 56700
6E 216 A320 2137 2155 66300 70500
6E 136 A320 2137 289 51900 63000
6E 136 A320 2137 2159 51900 56400
6E 473 A320 2137 2165 52200 66300
6E 457 A320 2141 1786 28200 44400
6E 154 A320 2141 2137 23400 30600
6E 166 A320 2141 2137 62100 69600
6E 266 A320 2141 188 24000 35100
6E 277 A320 2141 2143 68700 71400
6E 272 A320 2141 2143 74100 76800
6E 407 A320 2141 2144 46800 50700
6E 482 A320 2141 785 21600 40800
6E 132 A320 2141 785 21900 31500
6E 435 A320 2141 785 23100 41400
6E 154 A320 2141 785 23400 37500
6E 126 A320 2141 785 28200 37800
6E 108 A320 2141 785 35100 44700
6E 102 A320 2141 785 35400 50400
6E 148 A320 2141 785 42300 51900
6E 146 A320 2141 785 48900 58800
6E 116 A320 2141 785 54900 64200
6E 122 A320 2141 785 61200 71100
6E 406 A320 2141 785 61500 75300
6E 166 A320 2141 785 62100 76800
6E 114 A320 2141 785 66600 76200
6E 106 A320 2141 785 74100 83700
6E 345 A320 2141 2148 46500 50400
6E 457 A320 2141 883 28200 39300
6E 266 A320 2141 2149 24000 27900
6E 356 A320 2141 2149 30000 33900
6E 262 A320 2141 2149 44400 48600
6E 262 A320 2141 2149 45300 49200
6E 454 A320 2141 2149 58200 62100
6E 152 A320 2141 2149 65700 69300
6E 458 A320 2141 2149 74400 78300
6E 435 A320 2141 2150 23100 34500
6E 441 A320 2141 757 39600 48300
6E 152 A320 2141 757 65700 78300
6E 339 A320 2141 2152 23700 32700
6E 271 A320 2141 2152 38700 47700
6E 343 A320 2141 2152 58800 67800
6E 277 A320 2141 2152 68700 81600
6E 378 A320 2141 2152 70500 79500
6E 272 A320 2141 2152 74100 86100
6E 163 A320 2141 156 22200 30600
6E 339 A320 2141 156 23700 44100
6E 163 A320 2141 156 25800 34800
6E 482 A320 2141 2155 21600 27300
6E 339 A320 2141 2155 23700 53700
6E 424 A320 2141 2155 27600 33600
6E 452 A320 2141 2155 37200 43200
6E 414 A320 2141 2155 44400 50400
6E 414 A320 2141 2155 46200 52200
6E 462 A320 2141 2155 57600 63600
6E 426 A320 2141 2155 63900 69900
6E 422 A320 2141 2155 77400 83400
6E 435 A320 2141 289 23100 29100
6E 339 A320 2141 2181 23700 38700
6E 102 A320 2141 2159 35400 40500
6E 406 A320 2141 2159 61500 66000
6E 104 A320 2141 2159 75900 81000
6E 435 A320 2141 2162 23100 51000
6E 377 A320 2141 2165 33300 37500
6E 482 A320 2141 2184 21600 33300
6E 265 A320 188 2141 69000 80400
6E 512 A320 188 2143 49800 60300
6E 293 A320 188 2145 31800 48900
6E 256 A320 188 785 34500 41700
6E 258 A320 188 785 68100 75300
6E 263 A320 188 2149 36900 42600
6E 265 A320 188 2149 69000 74400
6E 511 A320 188 2152 38700 42000
6E 294 A320 188 2152 69900 73200
6E 293 A320 188 2155 31800 40200
6E 263 A320 188 2155 36900 49500
6E 552 A320 188 2155 45300 53400
6E 512 A320 188 2169 49800 54000
6E 433 A320 779 2137 66900 84000
6E 437 A320 779 2148 36900 52500
6E 437 A320 779 2155 36900 45300
6E 433 A320 779 2155 66900 76500
6E 237 A320 2143 2137 50700 59100
6E 271 A320 2143 2141 33600 36600
6E 553 A320 2143 188 25200 42900
6E 511 A320 2143 188 26400 36900
6E 316 A320 2143 2144 60000 69300
6E 316 A320 2143 2144 61500 70500
6E 285 A320 2143 2145 36300 40200
6E 194 A320 2143 785 19800 36000
6E 276 A320 2143 785 24600 34200
6E 284 A320 2143 785 33000 42900
6E 285 A320 2143 785 36300 53100
6E 302 A320 2143 785 41400 54600
6E 302 A320 2143 785 57000 69900
6E 316 A320 2143 785 60000 82200
6E 316 A320 2143 785 61500 83400
6E 288 A320 2143 785 62400 72000
6E 286 A320 2143 785 68100 78000
6E 282 A320 2143 785 71400 81300
6E 292 A320 2143 883 48600 62700
6E 302 A320 2143 2149 41400 45000
6E 315 A320 2143 2149 47400 51600
6E 302 A320 2143 2149 57000 60600
6E 368 A320 2143 2149 81000 84600
6E 237 A320 2143 757 50700 65700
6E 511 A320 2143 2152 26400 42000
6E 523 A320 2143 2152 29400 37500
6E 271 A320 2143 2152 33600 47700
6E 292 A320 2143 2152 48600 56400
6E 237 A320 2143 2152 50700 76200
6E 277 A320 2143 2152 73800 81600
6E 272 A320 2143 2152 78600 86100
6E 194 A320 2143 2155 19800 26100
6E 553 A320 2143 2155 25200 31800
6E 428 A320 2143 2155 31800 39300
6E 432 A320 2143 2155 45000 51900
6E 278 A320 2143 2155 62700 69600
6E 311 A320 2143 2159 41400 47100
6E 524 A320 2143 2159 76500 82800
6E 316 A320 2143 2165 60000 64800
6E 316 A320 2143 2165 61500 66000
6E 511 A320 2143 2169 26400 30900
6E 215 A320 2144 2137 50400 63600
6E 406 A320 2144 2141 55800 59400
6E 315 A320 2144 2143 36000 45300
6E 516 A320 2144 785 25500 36300
6E 314 A320 2144 785 46800 61800
6E 406 A320 2144 785 55800 75300
6E 138 A320 2144 785 57600 74700
6E 316 A320 2144 785 71100 82200
6E 316 A320 2144 785 72300 83400
6E 315 A320 2144 2149 36000 51600
6E 314 A320 2144 2149 46800 52500
6E 215 A320 2144 2155 50400 57000
6E 138 A320 2144 2155 57600 64500
6E 406 A320 2144 2159 55800 66000
6E 315 A320 2144 2165 36000 39000
6E 294 A320 2145 188 50700 67500
6E 286 A320 2145 2143 62700 66000
6E 285 A320 2145 785 42300 53100
6E 286 A320 2145 785 62700 78000
6E 294 A320 2145 2152 50700 73200
6E 294 A320 2145 2155 50700 57000
6E 273 A320 785 1786 22200 35100
6E 155 A320 785 2137 25800 30900
6E 135 A320 785 2137 32700 51300
6E 161 A320 785 2137 38400 43800
6E 161 A320 785 2137 43200 48900
6E 153 A320 785 2137 66300 71400
6E 157 A320 785 2137 73800 79200
6E 109 A320 785 2141 23100 33000
6E 155 A320 785 2141 25800 40500
6E 453 A320 785 2141 26400 43800
6E 115 A320 785 2141 28200 37800
6E 407 A320 785 2141 29100 43200
6E 407 A320 785 2141 30300 45000
6E 121 A320 785 2141 33300 42600
6E 121 A320 785 2141 34200 44100
6E 212 A320 785 2141 35700 55200
6E 119 A320 785 2141 40200 50100
6E 141 A320 785 2141 45600 55200
6E 105 A320 785 2141 52200 66900
6E 147 A320 785 2141 54300 63900
6E 123 A320 785 2141 59400 69300
6E 436 A320 785 2141 60900 79200
6E 125 A320 785 2141 63900 73500
6E 153 A320 785 2141 66300 80400
6E 131 A320 785 2141 73500 83400
6E 257 A320 785 188 25200 32700
6E 259 A320 785 188 58800 66300
6E 315 A320 785 2143 22500 45300
6E 285 A320 785 2143 24300 34500
6E 281 A320 785 2143 36900 46500
6E 286 A320 785 2143 50700 66000
6E 283 A320 785 2143 60000 69600
6E 191 A320 785 2143 61800 78300
6E 289 A320 785 2143 63600 73800
6E 287 A320 785 2143 75000 84300
6E 315 A320 785 2144 22500 33900
6E 317 A320 785 2144 29400 44700
6E 139 A320 785 2144 38700 55500
6E 515 A320 785 2144 49800 60900
6E 285 A320 785 2145 24300 40200
6E 286 A320 785 2145 50700 60900
6E 205 A320 785 1034 35700 50400
6E 181 A320 785 2148 34200 48000
6E 161 A320 785 2148 38400 51600
6E 161 A320 785 2148 43200 56400
6E 329 A320 785 2148 44400 54000
6E 335 A320 785 2148 53100 62100
6E 221 A320 785 883 20100 28800
6E 127 A320 785 883 27900 36300
6E 315 A320 785 2149 22500 51600
6E 303 A320 785 2149 25200 32700
6E 453 A320 785 2149 26400 38100
6E 317 A320 785 2149 29400 37200
6E 313 A320 785 2149 43500 51000
6E 313 A320 785 2149 46500 54300
6E 309 A320 785 2149 61200 69000
6E 307 A320 785 2149 72900 80700
6E 221 A320 785 2177 20100 33900
6E 127 A320 785 2177 27900 41400
6E 436 A320 785 2150 60900 66000
6E 554 A320 785 2151 28800 33300
6E 551 A320 785 2151 40800 50400
6E 273 A320 785 2152 22200 29700
6E 223 A320 785 2152 25800 33900
6E 205 A320 785 2152 35700 43200
6E 201 A320 785 2152 41400 48900
6E 203 A320 785 2152 55800 63600
6E 227 A320 785 2152 64200 72000
6E 209 A320 785 2152 71100 78900
6E 444 A320 785 156 23100 27300
6E 184 A320 785 156 33000 37200
6E 312 A320 785 156 45600 49500
6E 146 A320 785 156 62100 66000
6E 162 A320 785 156 69000 72600
6E 162 A320 785 156 73200 77100
6E 171 A320 785 2155 19500 26700
6E 183 A320 785 2155 23400 31200
6E 167 A320 785 2155 27600 34800
6E 179 A320 785 2155 30900 38700
6E 181 A320 785 2155 34200 42000
6E 212 A320 785 2155 35700 46500
6E 139 A320 785 2155 38700 46200
6E 177 A320 785 2155 42600 49800
6E 175 A320 785 2155 48300 55800
6E 189 A320 785 2155 51900 59700
6E 169 A320 785 2155 57300 64500
6E 191 A320 785 2155 61800 69300
6E 187 A320 785 2155 66600 74400
6E 197 A320 785 2155 69900 77700
6E 185 A320 785 2155 74400 82200
6E 179 A320 785 289 30900 46200
6E 135 A320 785 289 32700 38700
6E 436 A320 785 289 60900 71400
6E 137 A320 785 289 73200 78600
6E 232 A320 785 2181 24000 30000
6E 178 A320 785 2181 44400 50100
6E 332 A320 785 2181 62400 68100
6E 407 A320 785 2159 29100 36600
6E 407 A320 785 2159 30300 37800
6E 135 A320 785 2159 32700 45000
6E 313 A320 785 2159 43500 57600
6E 313 A320 785 2159 46500 61500
6E 105 A320 785 2159 52200 60000
6E 401 A320 785 2159 65100 72600
6E 137 A320 785 2159 73200 84600
6E 453 A320 785 2171 26400 32100
6E 455 A320 785 2171 60900 67200
6E 554 A320 785 2162 28800 37800
6E 551 A320 785 2162 40800 45600
6E 435 A320 785 2162 46200 51000
6E 555 A320 2185 2191 49500 54600
6E 315 A320 785 2165 22500 39000
6E 177 A320 785 2165 42600 60300
6E 212 A320 785 2184 35700 40800
6E 487 A320 785 2184 65400 70500
6E 297 A320 785 2169 40800 48600
6E 206 A320 1034 785 52200 67800
6E 206 A320 1034 2152 52200 57900
6E 162 A320 2148 2137 53400 59400
6E 162 A320 2148 2137 58200 64200
6E 343 A320 2148 2141 52200 56400
6E 438 A320 2148 779 49800 65100
6E 162 A320 2148 785 53400 66600
6E 332 A320 2148 785 55800 64500
6E 162 A320 2148 785 58200 71100
6E 192 A320 2148 785 62400 78000
6E 336 A320 2148 785 63900 72900
6E 343 A320 2148 2152 52200 67800
6E 162 A320 2148 156 53400 72600
6E 162 A320 2148 156 58200 77100
6E 438 A320 2148 2155 49800 53700
6E 418 A320 2148 2155 54300 58200
6E 192 A320 2148 2155 62400 66600
6E 457 A320 883 1786 41400 44400
6E 458 A320 883 2141 61500 72600
6E 291 A320 883 2143 64800 78900
6E 222 A320 883 785 40500 49200
6E 128 A320 883 785 48000 57000
6E 458 A320 883 2149 61500 78300
6E 221 A320 883 2177 30600 33900
6E 127 A320 883 2177 38100 41400
6E 208 A320 883 757 46800 60900
6E 208 A320 883 2152 46800 50700
6E 322 A320 883 2152 55200 59400
6E 291 A320 883 2152 64800 69300
6E 322 A320 883 2155 55200 72000
6E 457 A320 2149 1786 22500 44400
6E 372 A320 2149 2137 22800 28500
6E 372 A320 2149 2137 22800 29100
6E 457 A320 2149 2141 22500 26400
6E 151 A320 2149 2141 30900 34800
6E 453 A320 2149 2141 39900 43800
6E 261 A320 2149 2141 51600 55800
6E 357 A320 2149 2141 69900 74100
6E 265 A320 2149 2141 76200 80400
6E 266 A320 2149 188 30000 35100
6E 264 A320 2149 188 61500 66900
6E 311 A320 2149 2143 35700 39600
6E 316 A320 2149 2143 53700 57900
6E 316 A320 2149 2143 55800 59700
6E 367 A320 2149 2143 75900 79200
6E 317 A320 2149 2144 39000 44700
6E 316 A320 2149 2144 53700 69300
6E 316 A320 2149 2144 55800 70500
6E 308 A320 2149 785 22200 29700
6E 312 A320 2149 785 34800 42300
6E 302 A320 2149 785 46800 54600
6E 316 A320 2149 785 53700 82200
6E 314 A320 2149 785 54300 61800
6E 316 A320 2149 785 55800 83400
6E 302 A320 2149 785 62400 69900
6E 306 A320 2149 785 71700 79200
6E 457 A320 2149 883 22500 39300
6E 152 A320 2149 757 71100 78300
6E 319 A320 2149 2152 21600 37800
6E 353 A320 2149 2152 23100 30000
6E 351 A320 2149 2152 34200 41700
6E 355 A320 2149 2152 71400 78300
6E 312 A320 2149 156 34800 49500
6E 319 A320 2149 2155 21600 25800
6E 247 A320 2149 2155 26700 31500
6E 263 A320 2149 2155 44400 49500
6E 241 A320 2149 2155 54000 58800
6E 231 A320 2149 2155 69600 74700
6E 313 A320 2149 2159 53100 57600
6E 313 A320 2149 2159 57000 61500
6E 344 A320 2149 2171 23700 27900
6E 454 A320 2149 2171 63900 68100
6E 454 A320 2149 2171 64200 68700
6E 381 A320 2149 2165 25800 31800
6E 316 A320 2149 2165 53700 64800
6E 316 A320 2149 2165 55800 66000
6E 248 A320 2149 2169 42000 45900
6E 362 A320 2177 1786 50100 53400
6E 222 A320 2177 785 35700 49200
6E 128 A320 2177 785 43200 57000
6E 222 A320 2177 883 35700 38700
6E 128 A320 2177 883 43200 46200
6E 362 A320 2177 2152 50100 58800
6E 358 A320 2177 2152 54300 58800
6E 436 A320 2150 2141 67800 79200
6E 435 A320 2150 785 36300 41400
6E 252 A320 2150 2152 54600 65400
6E 245 A320 2150 2155 40200 45000
6E 436 A320 2150 289 67800 71400
6E 252 A320 2150 2171 54600 58800
6E 435 A320 2150 2162 36300 51000
6E 238 A320 757 2137 29400 33600
6E 238 A320 757 2137 34500 38700
6E 151 A320 757 2141 22200 34800
6E 442 A320 757 2141 50400 59100
6E 238 A320 757 2143 29400 43800
6E 238 A320 757 2143 34500 48900
6E 207 A320 757 883 30000 45000
6E 151 A320 757 2149 22200 29100
6E 207 A320 757 2152 30000 38100
6E 237 A320 757 2152 68100 76200
6E 218 A320 757 2155 19800 25500
6E 295 A320 757 2155 48600 54900
6E 214 A320 757 2155 63900 70200
6E 554 A320 2151 785 35100 45300
6E 551 A320 2151 785 52200 56400
6E 554 A320 2151 2162 35100 37800
6E 273 A320 2152 1786 31800 35100
6E 358 A320 2152 1786 43800 47400
6E 362 A320 2152 1786 43800 53400
6E 365 A320 2152 1786 51600 54600
6E 238 A320 2152 2137 20100 33600
6E 238 A320 2152 2137 24900 38700
6E 136 A320 2152 2137 40500 49500
6E 166 A320 2152 2137 50700 69600
6E 377 A320 2152 2141 22500 31200
6E 271 A320 2152 2141 23400 36600
6E 345 A320 2152 2141 35700 44700
6E 166 A320 2152 2141 50700 59700
6E 342 A320 2152 2141 72600 81600
6E 293 A320 2152 188 26400 30000
6E 512 A320 2152 188 44100 47700
6E 238 A320 2152 2143 20100 43800
6E 271 A320 2152 2143 23400 31200
6E 238 A320 2152 2143 24900 48900
6E 512 A320 2152 2143 44100 60300
6E 524 A320 2152 2143 66300 74400
6E 291 A320 2152 2143 71100 78900
6E 293 A320 2152 2145 26400 48900
6E 226 A320 2152 785 25500 33300
6E 228 A320 2152 785 32400 40200
6E 236 A320 2152 785 42300 50400
6E 166 A320 2152 785 50700 76800
6E 202 A320 2152 785 54000 62400
6E 206 A320 2152 785 60000 67800
6E 274 A320 2152 785 68400 75900
6E 224 A320 2152 785 74700 82200
6E 205 A320 2152 1034 45000 50400
6E 345 A320 2152 2148 35700 50400
6E 207 A320 2152 883 40800 45000
6E 321 A320 2152 883 47700 52200
6E 292 A320 2152 883 58500 62700
6E 348 A320 2152 2149 25200 32400
6E 352 A320 2152 2149 61500 68700
6E 354 A320 2152 2149 73800 81000
6E 362 A320 2152 2177 43800 48300
6E 358 A320 2152 2177 43800 52500
6E 245 A320 2152 2150 24600 36600
6E 238 A320 2152 757 20100 27600
6E 238 A320 2152 757 24900 32700
6E 208 A320 2152 757 52800 60900
6E 339 A320 2152 156 34800 44100
6E 318 A320 2152 2155 21300 31200
6E 245 A320 2152 2155 24600 45000
6E 293 A320 2152 2155 26400 40200
6E 339 A320 2152 2155 34800 53700
6E 324 A320 2152 2155 40200 49800
6E 326 A320 2152 2155 52500 61800
6E 322 A320 2152 2155 62700 72000
6E 404 A320 2152 2155 66000 79500
6E 328 A320 2152 2155 75000 84900
6E 404 A320 2152 289 66000 72300
6E 339 A320 2152 2181 34800 38700
6E 524 A320 2152 2159 66300 82800
6E 245 A320 2152 2171 24600 29700
6E 377 A320 2152 2165 22500 37500
6E 512 A320 2152 2169 44100 54000
6E 161 A320 156 2137 32400 43800
6E 161 A320 156 2137 37200 48900
6E 342 A320 156 2141 61200 81600
6E 164 A320 156 2141 72900 81600
6E 161 A320 156 785 32400 36000
6E 161 A320 156 785 37200 41400
6E 141 A320 156 785 39000 43200
6E 309 A320 156 785 51900 55800
6E 185 A320 156 785 67800 71400
6E 449 A320 156 785 74400 78600
6E 449 A320 156 785 78900 82500
6E 161 A320 156 2148 32400 51600
6E 161 A320 156 2148 37200 56400
6E 309 A320 156 2149 51900 69000
6E 342 A320 156 2152 61200 70500
6E 445 A320 156 2155 29400 37500
6E 339 A320 156 2155 45900 53700
6E 185 A320 156 2155 67800 82200
6E 342 A320 156 2181 61200 64800
6E 213 A320 2155 2137 27600 31800
6E 474 A320 2155 2137 44700 48900
6E 215 A320 2155 2137 59400 63600
6E 243 A320 2155 2137 66000 69900
6E 433 A320 2155 2137 80100 84000
6E 421 A320 2155 2141 22200 28200
6E 461 A320 2155 2141 36300 42600
6E 461 A320 2155 2141 37800 43500
6E 212 A320 2155 2141 49200 55200
6E 342 A320 2155 2141 51900 81600
6E 423 A320 2155 2141 54300 60300
6E 451 A320 2155 2141 66900 72300
6E 425 A320 2155 2141 72300 78000
6E 415 A320 2155 2141 76800 82500
6E 553 A320 2155 188 35100 42900
6E 264 A320 2155 188 54600 66900
6E 294 A320 2155 188 59100 67500
6E 434 A320 2155 779 26700 35100
6E 438 A320 2155 779 56700 65100
6E 427 A320 2155 2143 22800 29700
6E 431 A320 2155 2143 36300 43200
6E 279 A320 2155 2143 53100 60600
6E 191 A320 2155 2143 71400 78300
6E 483 A320 2155 2143 75300 82500
6E 244 A320 2155 2144 42000 48600
6E 139 A320 2155 2144 48600 55500
6E 293 A320 2155 2145 42600 48900
6E 184 A320 2155 785 22800 30300
6E 194 A320 2155 785 28200 36000
6E 482 A320 2155 785 29400 40800
6E 188 A320 2155 785 30300 37800
6E 178 A320 2155 785 33900 41100
6E 172 A320 2155 785 41400 48900
6E 168 A320 2155 785 45300 52800
6E 176 A320 2155 785 50700 57900
6E 196 A320 2155 785 55800 63000
6E 174 A320 2155 785 60000 67500
6E 186 A320 2155 785 63600 70800
6E 138 A320 2155 785 67500 74700
6E 192 A320 2155 785 70800 78000
6E 182 A320 2155 785 74100 81900
6E 198 A320 2155 785 80700 88200
6E 181 A320 2155 2148 44100 48000
6E 437 A320 2155 2148 48300 52500
6E 417 A320 2155 2148 56400 60600
6E 207 A320 2155 883 20100 45000
6E 321 A320 2155 883 34800 52200
6E 248 A320 2155 2149 33600 38700
6E 264 A320 2155 2149 54600 59700
6E 268 A320 2155 2149 61800 66900
6E 254 A320 2155 2149 72300 76800
6E 234 A320 2155 2149 76800 81300
6E 252 A320 2155 2150 47400 52200
6E 207 A320 2155 757 20100 26100
6E 296 A320 2155 757 40800 46800
6E 217 A320 2155 757 72600 78900
6E 207 A320 2155 2152 20100 38100
6E 319 A320 2155 2152 27900 37800
6E 321 A320 2155 2152 34800 44700
6E 323 A320 2155 2152 41400 50700
6E 252 A320 2155 2152 47400 65400
6E 342 A320 2155 2152 51900 70500
6E 294 A320 2155 2152 59100 73200
6E 403 A320 2155 2152 60300 72600
6E 327 A320 2155 2152 62100 72300
6E 325 A320 2155 2152 71700 81000
6E 184 A320 2155 156 22800 37200
6E 342 A320 2155 156 51900 59400
6E 446 A320 2155 156 63300 71100
6E 411 A320 2155 289 24000 28800
6E 179 A320 2155 289 41400 46200
6E 403 A320 2155 289 60300 65400
6E 178 A320 2155 2181 33900 50100
6E 342 A320 2155 2181 51900 64800
6E 252 A320 2155 2171 47400 58800
6E 447 A320 2155 2162 39300 48900
6E 177 A320 2155 2165 52500 60300
6E 473 A320 2155 2165 58800 66300
6E 482 A320 2155 2184 29400 33300
6E 484 A320 2155 2184 58500 62400
6E 248 A320 2155 2169 33600 45900
6E 135 A320 289 2137 40500 51300
6E 436 A320 289 2141 73200 79200
6E 134 A320 289 785 27600 33000
6E 435 A320 289 785 30900 41400
6E 196 A320 289 785 48300 63000
6E 136 A320 289 785 64800 70800
6E 435 A320 289 2150 30900 34500
6E 403 A320 289 2152 67200 72600
6E 412 A320 289 2155 33000 38100
6E 196 A320 289 2155 48300 53400
6E 404 A320 289 2155 74400 79500
6E 135 A320 289 2159 40500 45000
6E 137 A320 289 2159 80400 84600
6E 435 A320 289 2162 30900 51000
6E 342 A320 2181 2141 66600 81600
6E 191 A320 2181 2143 52200 78300
6E 329 A320 2181 785 32400 38100
6E 191 A320 2181 785 52200 58200
6E 233 A320 2181 785 69900 75600
6E 342 A320 2181 2152 66600 70500
6E 339 A320 2181 156 40500 44100
6E 339 A320 2181 2155 40500 53700
6E 191 A320 2181 2155 52200 69300
6E 135 A320 2159 2137 46800 51300
6E 407 A320 2159 2141 38400 43200
6E 407 A320 2159 2141 40200 45000
6E 105 A320 2159 2141 61800 66900
6E 103 A320 2159 2141 82800 87900
6E 523 A320 2159 2143 21300 27300
6E 302 A320 2159 2143 48900 54900
6E 134 A320 2159 785 21300 33000
6E 102 A320 2159 785 42600 50400
6E 302 A320 2159 785 48900 69900
6E 136 A320 2159 785 58200 70800
6E 406 A320 2159 785 67800 75300
6E 402 A320 2159 785 74400 81600
6E 302 A320 2159 2149 48900 60600
6E 304 A320 2159 2149 59400 63900
6E 304 A320 2159 2149 63300 67800
6E 523 A320 2159 2152 21300 37500
6E 134 A320 2159 289 21300 25800
6E 136 A320 2159 289 58200 63000
6E 453 A320 2171 2141 33900 43800
6E 456 A320 2171 785 29700 35700
6E 454 A320 2171 785 70500 76800
6E 453 A320 2171 2149 33900 38100
6E 349 A320 2171 2149 69600 74100
6E 245 A320 2171 2150 32100 36600
6E 252 A320 2171 2152 60600 65400
6E 245 A320 2171 2155 32100 45000
6E 436 A320 2162 2141 52800 79200
6E 554 A320 2162 785 40200 45300
6E 551 A320 2162 785 47400 56400
6E 436 A320 2162 785 52800 57900
6E 556 A320 2162 785 56400 61500
6E 436 A320 2162 2150 52800 66000
6E 551 A320 2162 2151 47400 50400
6E 448 A320 2162 2155 50700 60600
6E 436 A320 2162 289 52800 71400
6E 474 A320 2165 2137 33600 48900
6E 378 A320 2165 2141 63900 68100
6E 315 A320 2165 2143 40800 45300
6E 316 A320 2165 2144 66600 69300
6E 316 A320 2165 2144 67800 70500
6E 176 A320 2165 785 39600 57900
6E 316 A320 2165 785 66600 82200
6E 316 A320 2165 785 67800 83400
6E 315 A320 2165 2149 40800 51600
6E 382 A320 2165 2149 68700 75600
6E 378 A320 2165 2152 63900 79500
6E 474 A320 2165 2155 33600 41100
6E 176 A320 2165 2155 39600 47100
6E 212 A320 2184 2141 42600 55200
6E 483 A320 2184 2143 65700 82500
6E 482 A320 2184 785 35100 40800
6E 488 A320 2184 785 72300 77400
6E 212 A320 2184 2155 42600 46500
6E 483 A320 2184 2155 65700 69300
6E 511 A320 2169 188 32700 36900
6E 512 A320 2169 2143 55800 60300
6E 298 A320 2169 785 50400 58500
6E 241 A320 2169 2149 48600 52200
6E 511 A320 2169 2152 32700 42000
6E 241 A320 2169 2155 48600 58800
G8-166 A320 2137 785 77400 82800
G8-532 A320 2137 2152 30600 39600
G8-368 A320 2137 2155 33300 38100
G8-177 A320 2137 2155 74400 78300
G8-151 A320 2137 785 53700 61500
G8-562 A320 2137 2152 46200 49200
G8-116 A320 2141 785 29400 39000
G8-120 A320 2141 785 74400 84000
G8-245 A320 2141 2148 23100 27000
G8-322 A320 2141 2155 21300 26700
G8-391 A320 2141 2155 43500 50100
G8-391 A320 2141 2155 45600 51600
G8-326 A320 2141 2155 73500 79800
G8-241 A320 2141 2159 60000 64800
G8-382 A320 779 2155 40500 48600
G8-384 A320 779 2155 68400 76500
G8-367 A320 2143 2137 19500 31800
G8-367 A320 2143 2155 19500 25800
G8-302 A320 2143 2155 49200 56100
G8-301 A320 2143 2158 29700 37800
G8-451 A320 2143 2159 75600 80700
G8-345 A320 2144 785 68400 85500
G8-345 A320 2144 2155 68400 75900
G8-163 A320 785 2137 23700 28800
G8-165 A320 785 2137 70500 75900
G8-151 A320 785 2140 38400 51900
G8-115 A320 785 2141 33000 41700
G8-115 A320 785 2141 33300 43200
G8-117 A320 785 2141 63000 72600
G8-336 A320 785 2144 50400 66600
G8-151 A320 785 883 38400 46800
G8-183 A320 785 2151 41400 51000
G8-187 A320 785 2151 45000 49500
G8-185 A320 785 2151 48900 54600
G8-101 A320 785 2152 22500 30300
G8-195 A320 785 2180 18900 23700
G8-193 A320 785 2180 31200 35700
G8-396 A320 785 156 53400 57300
G8-141 A320 785 2155 22800 35700
G8-330 A320 785 2155 25500 32700
G8-334 A320 785 2155 29100 36900
G8-332 A320 785 2155 44100 51600
G8-336 A320 785 2155 50400 57900
G8-396 A320 785 2155 53400 66300
G8-340 A320 785 2155 64200 71700
G8-342 A320 785 2155 74700 82200
G8-344 A320 785 2155 80100 87600
G8-141 A320 785 289 22800 28800
G8-143 A320 785 2181 25800 31500
G8-189 A320 785 2181 59700 65400
G8-101 A320 785 2158 22500 40200
G8-173 A320 785 2159 30300 37500
G8-173 A320 785 2159 31800 39300
G8-179 A320 785 2159 65700 73200
G8-175 A320 785 2159 75000 80400
G8-147 A320 785 1189 64800 70800
G8-191 A320 785 2162 20700 25200
G8-183 A320 785 2162 41400 46200
G8-187 A320 785 2162 45000 54000
G8-201 A320 785 2162 57000 61800
G8-246 A320 2148 2141 74700 78300
G8-376 A320 2148 2155 24600 28200
G8-374 A320 2148 2155 28800 32700
G8-372 A320 2148 2155 59400 63600
G8-380 A320 2148 2155 85800 89400
G8-537 A320 883 2137 57600 72900
G8-151 A320 883 2140 48600 51900
G8-151 A320 883 785 48600 61500
G8-537 A320 883 2152 57600 62100
G8-392 A320 757 2155 61200 67200
G8-187 A320 2151 785 51000 60900
G8-183 A320 2151 785 52800 57300
G8-186 A320 2151 785 56100 61200
G8-387 A320 2151 2155 55500 65100
G8-187 A320 2151 2162 51000 54000
G8-537 A320 2152 2137 63900 72900
G8-532 A320 2152 2140 41400 44700
G8-102 A320 2152 785 52200 60300
G8-545 A320 2152 883 51300 55800
G8-101 A320 2152 2158 32100 40200
G8-196 A320 2180 785 25200 30000
G8-194 A320 2180 785 37200 42000
G8-395 A320 156 785 45000 49200
G8-396 A320 156 2155 58800 66300
G8-367 A320 2155 2137 27600 31800
G8-321 A320 2155 2141 21900 27600
G8-323 A320 2155 2141 52200 58200
G8-325 A320 2155 2141 78600 84300
G8-381 A320 2155 779 30600 38700
G8-383 A320 2155 779 58500 66600
G8-301 A320 2155 2143 21000 27900
G8-303 A320 2155 2143 66000 73200
G8-336 A320 2155 2144 59700 66600
G8-333 A320 2155 785 21600 29100
G8-327 A320 2155 785 28500 36300
G8-335 A320 2155 785 35100 42300
G8-395 A320 2155 785 35700 49200
G8-337 A320 2155 785 39900 47100
G8-339 A320 2155 785 65700 72900
G8-142 A320 2155 785 68700 80700
G8-341 A320 2155 785 69900 77700
G8-341 A320 2155 785 69900 77700
G8-343 A320 2155 785 73500 81000
G8-345 A320 2155 785 78000 85500
G8-347 A320 2155 785 81000 88200
G8-375 A320 2155 2148 19500 23100
G8-371 A320 2155 2148 53700 57600
G8-373 A320 2155 2148 68700 72900
G8-379 A320 2155 2148 80700 84300
G8-391 A320 2155 757 53700 59700
G8-387 A320 2155 2151 38100 53100
G8-395 A320 2155 156 35700 42900
G8-142 A320 2155 289 68700 73500
G8-385 A320 2155 2181 40200 48900
G8-301 A320 2155 2158 21000 37800
G8-385 A320 2155 1189 40200 53400
G8-387 A320 2155 2162 38100 47700
G8-142 A320 289 785 75000 80700
G8-141 A320 289 2155 30300 35700
G8-144 A320 2181 785 33000 38700
G8-190 A320 2181 785 66900 72600
G8-385 A320 2181 2155 50400 63000
G8-385 A320 2181 1189 50400 53400
G8-302 A320 2158 2143 39600 47400
G8-102 A320 2158 785 42300 60300
G8-102 A320 2158 2152 42300 50100
G8-302 A320 2158 2155 39600 56100
G8-242 A320 2159 2141 66600 71700
G8-452 A320 2159 2143 82200 88200
G8-174 A320 2159 785 39000 46500
G8-174 A320 2159 785 41100 48600
G8-178 A320 2159 785 75000 82500
G8-176 A320 2159 785 82500 90900
G8-148 A320 1189 785 72300 78300
G8-385 A320 1189 2155 54900 63000
G8-192 A320 2162 785 26700 31200
G8-183 A320 2162 785 48000 57300
G8-187 A320 2162 785 55800 60900
G8-202 A320 2162 785 63600 69000
G8-183 A320 2162 2151 48000 51000
G8-387 A320 2162 2151 49500 53100
G8-387 A320 2162 2155 49500 65100
3244 A319 1786 2152 61800 65100
406 A320 2186 949 49800 52200
818 A319 2137 785 29100 34200
614 A320 2137 2155 25800 29100
711 A319 2173 2177 45000 47400
711 A319 2173 2152 45000 53700
713 A319 2173 2152 50400 54000
3210 A319 2173 2152 52800 56700
462 A321 2139 785 50100 54300
442 A319 333 785 58800 65400
441 A-321 333 2155 62100 65400
880 A321 2140 785 50700 58200
722 A319 2140 2152 52800 56100
722 A320 2140 2152 54900 58200
510 A321 2141 2144 52500 55800
804 A320 2141 785 21300 30900
804 A320 2141 785 22500 31800
439 A-330 2141 785 44700 54600
501 A320 2141 785 47400 56700
503 A320 2141 785 59400 69000
404 A320 2141 785 72600 81900
517 A319 2141 2149 29700 33600
516 A319 2141 2149 67800 71700
772 A319 2141 2152 21900 30600
640 A319 2141 2155 24300 30000
604 A-320 2141 2155 30900 36600
610 A-319 2141 2155 68400 74700
608 A319 2141 2155 76800 82500
633 A321 2142 785 64200 68700
634 A320 2142 2155 27900 33000
878 A319 188 785 50400 57600
474 A320 188 785 72300 79500
670 A319 188 2155 47400 55200
658 A321 52 2145 49800 51900
658 A321 52 785 49800 72300
658 A321 52 2155 49800 60900
863 A321 779 785 40500 44100
863 A321 779 2155 40500 54000
263 A320 2143 2141 24300 27000
439 A-330 2143 2141 38700 41400
509 A321 2143 2144 39000 42900
440 A321 2143 785 24000 33600
439 A-330 2143 785 38700 54600
438 A320 2143 785 46200 56100
539 A321 2143 785 64800 75000
802 A320 2143 785 77400 87300
545 A320 2143 2149 62100 66000
766 A320 2143 2152 60600 68400
671 A319 2143 2153 44400 48000
569 A319 2143 2155 25200 31800
672 A319 2143 2155 56700 63300
674 A319 2143 2155 64800 71700
674 A320 2143 2155 64800 71700
571 A320 2143 2155 74700 81900
549 A321 2143 2158 18000 25800
521 A320 2143 2159 35400 41400
509 A321 2144 2141 45000 48900
510 A321 2144 2143 57900 61500
466 A321 2144 785 26700 37500
682 A319 2144 2155 28800 35400
657 A321 2145 52 45000 47100
658 A321 2145 785 54300 72300
658 A321 2145 2155 54300 60900
406 A320 785 2186 37800 47700
817 A319 785 2137 21600 26700
461 A320 785 2139 31500 35100
441 A-321 785 333 54000 60000
879 A321 785 2140 39600 48600
439 A-330 785 2141 24900 41400
506 A320 785 2141 34200 43500
506 A320 785 2141 35100 45000
502 A320 785 2141 47400 56700
403 A320 785 2141 60300 69600
504 A320 785 2141 72600 81900
634 A320 785 2142 21300 26100
877 A319 785 188 41100 48000
473 A320 785 188 63000 69900
657 A321 785 52 25200 47100
864 A321 785 779 35400 38100
439 A-330 785 2143 24900 35100
429 A321 785 2143 37800 47700
437 A320 785 2143 48900 57300
801 A320 785 2143 65400 75000
540 A321 785 2143 73200 82800
467 A320 785 2144 21600 33600
657 A321 785 2145 25200 42600
433 A-319 785 2147 48000 53400
865 A321 785 2148 36000 50700
659 A321 785 2148 61200 76800
889 A320 785 883 39900 48300
421 A319 785 387 50400 53400
560 A321 785 2149 24600 31800
542 A321 785 2149 35400 43200
544 A319 785 2149 47700 54900
839 A321 785 2149 70200 78000
889 A320 785 2177 39900 53700
636 A320 785 2150 64800 70200
612 A319 785 757 43200 46200
821 A320 785 2151 39900 44700
475 A319 785 2178 39600 43200
406 A320 785 949 37800 52200
401 A321 785 2152 25200 32700
764 A321 785 2152 61200 69000
3449 A320 785 2180 20700 25500
3449 A319 785 2180 20700 25500
445 A319 785 2180 20700 25500
445 A-319 785 2180 35100 39900
3825 A-319 785 2180 36000 40800
411 A321 785 156 26100 29700
811 A-321 785 156 58500 62100
665 A321 785 2154 28800 44100
634 A320 785 2155 21300 33000
688 A321 785 2155 21600 28500
657 A321 785 2155 25200 32700
665 A321 785 2155 28800 36600
887 A321 785 2155 32400 39900
865 A321 785 2155 36000 43500
475 A319 785 2155 39600 50400
612 A319 785 2155 43200 54600
863 A321 785 2155 46800 54000
421 A319 785 2155 50400 61500
441 A-321 785 2155 54000 65400
471 A319 785 2155 57600 68700
659 A321 785 2155 61200 68400
636 A320 785 2155 64800 76500
810 A321 785 2155 64800 72000
624 A319 785 2155 68400 75900
805 A321 785 2155 72000 79800
602 A321 785 2155 75600 83100
469 A319 785 289 20700 25800
409 A319 785 2181 26400 31800
407 A319 785 2181 46800 52500
415 A319 785 2181 66900 72300
851 A320 785 2159 18000 25200
849 A321 785 2159 57600 64800
853 A320 785 2159 68400 75600
469 A319 785 2171 20700 30000
809 A321 785 1189 46800 53100
3425 A320 785 2162 37800 42300
821 A320 785 2162 39900 49500
866 A321 785 2162 43800 48600
542 A321 785 2163 35400 49200
471 A319 785 2166 57600 61800
443 A320 785 2184 63600 69000
406 A320 785 2167 37800 42300
406 A321 785 2167 37800 42300
433 A-319 785 2167 48000 57300
544 A319 785 2168 47700 59700
451 A321 785 2169 55200 63000
705 A320 1034 1030 44100 46500
705 A320 1034 2152 44100 53400
709 A319 1034 2152 47700 53400
709 A319 1030 1034 43200 45600
709 A319 1030 2152 43200 53400
705 A320 1030 2152 48600 53400
433 A-319 2147 785 55200 63300
433 A-319 2147 2167 55200 57300
866 A321 2148 785 25800 40200
660 A321 2148 785 54000 68400
518 A319 2148 2149 49500 59100
866 A321 2148 2155 25800 29100
660 A321 2148 2155 54000 58200
662 A321 2148 2155 60000 64200
518 A319 2148 2159 49500 52800
866 A321 2148 2162 25800 48600
890 A320 883 785 61200 69900
889 A320 883 2177 50700 53700
730 A319 883 2152 42300 46200
730 A320 883 2152 42300 46200
422 A319 387 785 58800 62100
421 A319 387 2155 55500 61500
515 A319 2149 2141 23400 27300
518 A319 2149 2141 61500 65400
546 A320 2149 2143 68400 72300
559 A321 2149 785 24000 31800
543 A321 2149 785 35100 42600
541 A321 2149 785 58500 66000
840 A319 2149 785 69000 76800
517 A319 2149 2148 36300 47100
617 A319 2149 2152 38100 45600
695 A319 2149 2155 23700 27900
527 A319 2149 2155 29700 34500
618 A319 2149 2155 59700 64500
517 A319 2149 2159 36300 40200
542 A321 2149 2163 45600 49200
695 A319 2149 2167 23700 38400
544 A319 2149 2168 57000 59700
713 A319 2177 2173 45900 48300
890 A320 2177 785 56100 69900
890 A320 2177 883 56100 59100
3216 A319 2177 2152 27300 31200
3218 A319 2177 2152 27300 31200
713 A319 2177 2152 45900 54000
711 A319 2177 2152 49500 53700
635 A320 2150 785 28200 33600
636 A320 2150 2155 72300 76500
611 A319 757 785 40200 42900
612 A319 757 2155 48600 54600
822 A320 2151 785 56700 61200
450 A319 2151 2180 33300 36000
821 A320 2151 2162 46800 49500
3821 A320 2151 2162 49200 51600
648 A319 971 2155 42000 45600
476 A319 2178 785 51000 54300
475 A319 2178 2155 45300 50400
405 A320 949 785 54300 63600
405 A320 949 2167 54300 57300
743 A319 2152 1786 35400 38700
3243 A319 2152 1786 56400 59700
711 A319 2152 2173 39600 43200
713 A319 2152 2173 39600 48300
3209 A319 2152 2173 46800 50400
721 A319 2152 2140 46800 50400
721 A320 2152 2140 49200 52800
771 A319 2152 2141 65400 74400
765 A320 2152 2143 65100 72900
763 A321 2152 785 25200 32700
701 A-330 2152 785 61200 69000
705 A320 2152 1034 36300 42000
709 A319 2152 1034 36300 45600
709 A319 2152 1030 36300 41100
705 A320 2152 1030 36300 46500
729 A319 2152 883 35400 39900
729 A320 2152 883 35400 39900
618 A319 2152 2149 50100 57600
3217 A319 2152 2177 20700 25200
3215 A319 2152 2177 20700 25200
711 A319 2152 2177 39600 47400
713 A319 2152 2177 39600 43800
676 A319 2152 2155 21600 31200
618 A319 2152 2155 50100 64500
775 A319 2152 2155 60300 70200
773 A320 2152 2155 71700 81300
787 A319 2152 2158 19800 27300
3253 A319 2152 1764 20700 24600
753 A319 2152 1764 46800 50700
753 A320 2152 1764 48900 52500
753 A319 2152 1764 48900 52500
3450 A320 2180 785 27300 32100
3450 A319 2180 785 27600 32400
446 A319 2180 785 40200 45000
446 A-319 2180 785 42000 46800
3826 A-319 2180 785 42900 47100
449 A319 2180 2151 27900 30600
448 A319 2180 2162 27600 30600
412 A321 156 785 31800 35400
812 A-321 156 785 64800 68400
626 A320 156 2155 49200 56700
672 A319 2153 2143 50400 54000
672 A319 2153 2143 55800 59400
672 A319 2153 2155 50400 63300
680 A321 2154 2155 46200 51000
643 A320 2155 2137 64200 68400
442 A319 2155 333 54000 57000
603 A-320 2155 2141 22500 28200
639 A319 2155 2141 33300 39000
693 A320 2155 2141 55800 61800
607 A-319 2155 2141 59400 65100
609 A319 2155 2141 74100 80100
633 A321 2155 2142 57600 62100
669 A319 2155 188 37500 45300
657 A321 2155 52 36000 47100
864 A321 2155 779 25200 38100
570 A320 2155 2143 25200 32100
671 A319 2155 2143 34800 42000
572 A319 2155 2143 62100 68700
673 A320 2155 2143 74700 81300
681 A319 2155 2144 61200 68700
657 A321 2155 2145 36000 42600
601 A321 2155 785 21600 28800
635 A320 2155 785 21600 33600
864 A321 2155 785 25200 32400
806 A321 2155 785 28800 36000
866 A321 2155 785 32400 40200
611 A319 2155 785 32400 42900
809 A321 2155 785 36000 43500
472 A320 2155 785 39600 51600
476 A319 2155 785 43200 54300
677 A321 2155 785 46800 54000
422 A319 2155 785 50400 62100
442 A319 2155 785 54000 65400
633 A321 2155 785 57600 68700
660 A321 2155 785 61200 68400
658 A321 2155 785 64800 72300
888 A321 2155 785 68400 75600
605 A321 2155 785 75600 82800
623 A-321 2155 785 82800 90000
865 A321 2155 2148 46800 50700
661 A321 2155 2148 54000 57900
659 A321 2155 2148 72600 76800
422 A319 2155 387 50400 56700
615 A319 2155 2149 22500 27300
617 A319 2155 2149 30900 35700
619 A319 2155 2149 67500 72300
635 A320 2155 2150 21600 26100
611 A319 2155 757 32400 38400
647 A319 2155 971 36300 39900
476 A319 2155 2178 43200 48900
675 A320 2155 2152 22200 31800
617 A319 2155 2152 30900 45600
774 A319 2155 2152 66600 76200
776 A319 2155 2152 72900 82800
625 A320 2155 156 39000 46800
671 A319 2155 2153 34800 48000
665 A321 2155 2154 39600 44100
627 A-319 2155 289 23100 28200
629 A319 2155 289 67200 72000
651 A319 2155 2171 38400 44400
655 A319 2155 2172 60600 64500
809 A321 2155 1189 36000 53100
866 A321 2155 2162 32400 48600
667 A-319 2155 2165 23400 30900
472 A320 2155 2166 39600 45000
645 A320 2155 2184 24000 27300
695 A319 2155 2167 30600 38400
651 A319 2155 2169 38400 50400
469 A319 289 785 27600 38400
628 A-319 289 2155 30600 35400
630 A319 289 2155 74400 79200
469 A319 289 2171 27600 30000
410 A319 2181 785 34200 40200
408 A319 2181 785 54900 60600
416 A319 2181 785 74400 80700
550 A321 2158 2143 28500 36600
788 A319 2158 2152 29700 37200
522 A320 2159 2143 44100 50400
852 A320 2159 785 27600 34800
850 A321 2159 785 67200 74400
854 A320 2159 785 78000 85200
517 A319 2159 2148 43500 47100
518 A319 2159 2149 55200 59100
469 A319 2171 785 32100 38400
651 A319 2171 2155 46800 59100
651 A319 2171 2169 46800 50400
656 A319 2172 2155 67200 71400
810 A321 1189 785 55500 61800
810 A321 1189 2155 55500 72000
3254 A319 1764 2152 27000 31200
754 A319 1764 2152 53100 57000
754 A319 1764 2152 54900 58500
754 A320 1764 2152 54900 58500
659 A321 2162 785 51300 56400
822 A320 2162 785 51900 61200
3426 A320 2162 785 53400 58500
659 A321 2162 2148 51300 76800
3822 A320 2162 2151 45000 47400
822 A320 2162 2151 51900 54300
447 A319 2162 2180 34500 38100
659 A321 2162 2155 51300 68400
541 A321 2163 785 52200 66000
541 A321 2163 2149 52200 55800
466 A321 2165 2144 21600 24300
466 A321 2165 785 21600 37500
668 A-319 2165 2155 0 41100
472 A320 2166 785 47100 51600
471 A319 2166 2155 63600 68700
444 A320 2184 785 71400 77100
646 A320 2184 2155 29700 33300
406 A320 2167 2186 44400 47700
405 A321 2167 785 57000 61500
433 A-319 2167 785 59100 63300
405 A320 2167 785 59400 63600
406 A320 2167 949 44400 52200
696 A319 2167 2155 40500 47700
840 A319 2168 785 61800 76800
840 A319 2168 2149 61800 64800
452 A321 2169 785 31500 39300
651 A319 2169 2155 52800 59100
9502 ATR42-3 2187 2144 43200 48000
9912 ATR42-3 2138 785 30300 37200
9811 ATR42-3 2138 785 33300 39900
9812 ATR42-3 2138 785 54600 61800
9501 ATR42-3 2141 2187 30600 42000
9501 ATR42-3 2141 2144 30600 35400
9507 ATR42-3 2141 2154 57600 62400
9602 CRJ700 188 785 45000 51900
9780 ATR42-3 188 2152 67500 71700
9601 CRJ700 188 2158 27000 34200
9501 ATR42-3 2144 2187 36900 42000
9502 ATR42-3 2144 2141 49800 54600
9610 CRJ700 774 785 46200 48900
9911 ATR42-3 785 2138 21900 28800
9811 ATR42-3 785 2138 23400 32100
9811 ATR42-3 785 2138 46500 53400
9601 CRJ700 785 188 18000 25200
9609 CRJ700 785 774 41700 44400
9611 CRJ700 785 883 58500 66900
9617 CRJ700 785 30 27300 32100
9811 ATR42-3 785 2188 23400 28500
9605 CRJ700 785 2188 37500 41400
9803 ATR42-3 785 2189 42300 46800
9601 CRJ700 785 2158 18000 34200
9623 CRJ700 785 2162 21000 25800
9607 CRJ700 785 360 54600 60600
9619 CRJ700 785 2184 64200 69300
9612 CRJ700 883 785 69600 78000
9740 ATR42-3 883 2152 41700 47100
9759 ATR42-3 883 1764 27300 30000
9708 ATR42-3 2177 1764 34500 36600
9618 CRJ700 30 785 33600 38700
9811 ATR42-3 2188 2138 29700 32100
9811 ATR42-3 2188 785 29700 39900
9606 CRJ700 2188 785 43200 46500
9606 CRJ700 2188 785 58200 61500
9605 CRJ700 2188 2152 43200 48600
9779 ATR42-3 2152 188 60900 66000
9606 CRJ700 2152 785 51000 61500
9739 ATR42-3 2152 883 20400 26100
9606 CRJ700 2152 2188 51000 56400
9781 ATR42-3 2152 2181 41100 51000
9781 ATR42-3 2152 1189 41100 45900
9705 ATR42-3 2152 1764 19800 25500
9804 ATR42-3 2189 785 48300 52800
9508 ATR42-3 2154 2141 64200 69000
9782 ATR42-3 2181 2152 52200 62400
9782 ATR42-3 2181 1189 52200 56400
9602 CRJ700 2158 188 36000 43200
9602 CRJ700 2158 785 36000 51900
9782 ATR42-3 1189 2152 57600 62400
9781 ATR42-3 1189 2181 47100 51000
9760 ATR42-3 1764 883 37800 40500
9707 ATR42-3 1764 2177 31200 33300
9706 ATR42-3 1764 2152 26700 32400
9624 CRJ700 2162 785 27600 32700
9608 CRJ700 360 785 62400 68400
9620 CRJ700 2184 785 71100 76500
